0 0.00271359 0.000633106 90 0.00271187 


0 0.999997 2.99999e-06 0 0.999994 




0.021625 0.00276781 0.0252146 89.9065 0.00269802 


0.021625 0.999921 0.000455587 0.0231481 0.999465 




0.034125 0.00272796 0.0361452 89.7827 0.00262935 


0.034125 0.999818 0.000773472 0.0119366 0.999045 




0.047375 0.002723 0.0378112 89.7607 0.00262004 


0.047375 0.999817 0.000791715 0.010916 0.999025 




0.065625 0.00276198 0.0246107 89.3743 0.002694 


0.065625 1.00015 0.000273315 0.023682 0.999872 




0.090625 0.00273334 0.0113071 89.0997 0.00270243 


0.090625 1.00032 0.000135165 0.0126268 1.00018 




0.106625 0.00275632 0.0221516 88.5682 0.00269526 


0.106625 0.999798 0.000598818 0.0213115 0.999199 




0.119125 0.00273005 0.0276893 88.271 0.00265445 


0.119125 0.999467 0.000984746 0.00745441 0.998483 




0.134875 0.00273886 0.0278441 88.1732 0.0026626 


0.134875 0.999634 0.000814092 0.0185499 0.99882 




0.159875 0.00273713 0.0238288 87.4123 0.0026719 


0.159875 1.00067 0.000321458 0.0105071 1.00035 




0.175875 0.0027402 0.0217466 87.3231 0.00268061 


0.175875 1.00044 0.000109817 0.0163824 1.00033 




0.188375 0.00274474 0.0192704 86.9613 0.00269185 


0.188375 0.99976 0.000636274 0.0206344 0.999124 




0.200875 0.00273939 0.0171961 86.7411 0.00269228 


0.200875 0.999269 0.00113795 0.00664915 0.998132 




0.214625 0.0027389 0.0205653 86.7203 0.00268258 


0.214625 0.999401 0.00100923 0.0165372 0.998393 




0.239625 0.00274196 0.0298375 86.4916 0.00266015 


0.239625 1.00073 0.000323783 0.0136966 1.00041 




0.255375 0.00274144 0.0275433 86.4993 0.00266593 


0.255375 1.00062 0.000212083 0.0139605 1.00041 




0.267875 0.0027403 0.0217808 86.5897 0.00268061 


0.267875 0.999908 0.000500043 0.0210957 0.999408 




0.280375 0.00273864 0.017475 86.6677 0.00269079 


0.280375 0.999315 0.00109407 0.00906648 0.998222 




0.293125 0.00274033 0.0193756 86.685 0.00268723 


0.293125 0.999292 0.00111338 0.0123642 0.998179 




0.318125 0.0027391 0.0247276 87.2191 0.00267137 


0.318125 1.00053 0.000177488 0.0178156 1.00035 




0.33725 0.00274309 0.0235667 87.3372 0.00267845 


0.33725 1.00054 0.000191138 0.0149556 1.00035 




0.34975 0.00274906 0.0239963 87.7819 0.00268309 


0.34975 0.999954 0.000472844 0.021345 0.999481 




0.36225 0.00273119 0.0271489 88.1151 0.00265704 


0.36225 0.99949 0.000960089 0.00892997 0.99853 




0.37725 0.00273809 0.0284824 88.1847 0.0026601 


0.37725 0.999516 0.000918509 0.0154052 0.998598 




0.396625 0.0027467 0.0228367 88.8527 0.00268398 


0.396625 1.00021 0.000159791 0.0212851 1.00005 




0.4145 0.00272791 0.0123738 89.0011 0.00269415 


0.4145 1.00041 0.000193992 0.00879207 1.00021 




0.427 0.00276256 0.0214506 89.2691 0.0027033 


0.427 1.00014 0.000283583 0.0220369 0.999858 




0.4395 0.00274257 0.0325461 89.6317 0.00265331 


0.4395 0.999859 0.000687618 0.016461 0.999171 




0.452 0.00271462 0.0424079 89.703 0.0025995 


0.452 0.999765 0.000840725 0.00229245 0.998924 




0.469625 0.00276541 0.0344102 89.8489 0.00267025 


0.469625 0.999907 0.000492316 0.0237148 0.999414 




0.488625 0.00271726 0.014582 89.9926 0.00267764 


0.488625 1.00003 2.05569e-05 0.00738125 1.00001 




0.501125 0.00273683 0.0117331 89.9931 0.00270472 


0.501125 1.00003 9.9333e-05 0.015484 0.999933 




0.513625 0.00276936 0.0246475 89.9407 0.00270111 


0.513625 1.00007 0.000445361 0.02328 0.999625 




0.526125 0.00272929 0.0403834 89.8416 0.00261908 


0.526125 1.00015 0.000756336 0.0125221 0.999391 




0.543125 0.0027337 0.043195 89.8005 0.00261561 


0.543125 1.00012 0.000729565 0.0141749 0.999395 




0.557125 0.00276295 0.0365891 89.5076 0.00266186 


0.557125 0.999875 0.00030271 0.0229023 0.999572 




0.575625 0.00271965 0.0191211 89.2777 0.00266764 


0.575625 0.99962 0.000190553 0.00431695 0.999429 




0.588125 0.00274979 0.0209662 89.1228 0.00269214 


0.588125 0.999834 0.000184563 0.021179 0.99965 




0.600625 0.00275474 0.0279443 88.6325 0.00267776 


0.600625 1.00025 0.000659026 0.0221625 0.999587 




0.613125 0.00272686 0.0374495 88.386 0.00262475 


0.613125 1.00052 0.000983584 0.00666224 0.999534 




0.63225 0.00274794 0.0397965 88.154 0.00263858 


0.63225 1.00016 0.00060434 0.0205294 0.999556 




0.649 0.00274036 0.0359093 87.587 0.00264196 


0.649 0.999409 0.000248537 0.0128653 0.99916 




0.663625 0.00273602 0.0306731 87.5252 0.0026521 


0.663625 0.999409 0.000247381 0.0138177 0.999162 




0.676125 0.00274542 0.0277228 87.2135 0.00266931 


0.676125 0.999987 0.000385133 0.0246524 0.999602 




0.688625 0.00274117 0.0267736 86.8543 0.00266778 


0.688625 1.00058 0.000993096 0.0165401 0.99959 




0.70575 0.00273839 0.0324128 86.7877 0.00264963 


0.70575 1.00064 0.00105266 0.0108127 0.999583 




0.719875 0.0027423 0.0387338 86.6221 0.00263608 


0.719875 0.999892 0.0003083 0.0218921 0.999584 




0.737375 0.00274205 0.0396149 86.4888 0.00263343 


0.737375 0.999156 0.000431984 0.00199778 0.998725 




0.749875 0.00274079 0.034704 86.5088 0.00264568 


0.749875 0.999491 9.67889e-05 0.0203794 0.999394 




0.762375 0.0027394 0.0288499 86.5739 0.00266037 


0.762375 1.00022 0.000629076 0.0236823 0.999587 




0.774875 0.00273859 0.0278592 86.6166 0.0026623 


0.774875 1.00073 0.00114225 0.00968328 0.999587 




0.793 0.00274303 0.0348909 86.7175 0.00264732 


0.793 1.00043 0.000832865 0.0184488 0.999594 




0.807125 0.00274157 0.0374109 87.046 0.00263901 


0.807125 0.999601 7.47576e-05 0.0184027 0.999526 




0.8225 0.0027377 0.0338574 87.1313 0.00264501 


0.8225 0.999261 0.000365881 0.0071704 0.998895 




0.835 0.00274801 0.0316974 87.3704 0.0026609 


0.835 0.999693 0.00013607 0.0231819 0.999557 




0.8475 0.00274217 0.0326805 87.8559 0.00265256 


0.8475 1.00029 0.000729205 0.0207643 0.99956 




0.86075 0.00272755 0.0387751 88.0164 0.00262179 


0.86075 1.0006 0.00104707 0.00371744 0.999548 




0.877 0.00275232 0.0413627 88.2617 0.00263848 


0.877 1.00026 0.000662949 0.0210007 0.999593 




0.893625 0.00273374 0.0329293 88.813 0.00264372 


0.893625 0.99962 0.000152823 0.0128 0.999467 




0.906125 0.00272834 0.0266546 88.8566 0.00265561 


0.906125 0.999554 0.000208191 0.00942174 0.999346 




0.918625 0.00276177 0.0296317 89.1344 0.00267993 


0.918625 0.999832 0.000262468 0.0232531 0.99957 




0.931125 0.00274528 0.0409627 89.5411 0.00263283 


0.931125 1.00014 0.000670936 0.0186931 0.999467 




0.945875 0.00271597 0.0535831 89.6385 0.00257044 


0.945875 1.00025 0.000844913 0.00509067 0.999409 




0.960375 0.00276103 0.0501727 89.7719 0.0026225 


0.960375 1.00012 0.000550868 0.0224918 0.999564 




0.976 0.00273179 0.0359483 89.965 0.00263359 


0.976 0.999945 7.36062e-05 0.0140606 0.999871 




0.9885 0.00272098 0.0279259 89.9754 0.002645 


0.9885 0.99993 3.63654e-05 0.0081017 0.999894 




1.001 0.00276675 0.0316125 89.979 0.00267928 


1.001 0.999936 0.000300912 0.0221482 0.999635 




1.0135 0.00274979 0.0463689 89.9158 0.00262228 


1.0135 0.999895 0.000647864 0.0180962 0.999247 




1.029 0.00271419 0.0616817 89.8779 0.00254678 


1.029 0.999857 0.000805295 0.00612224 0.999052 




1.04288 0.00275839 0.0577895 89.7555 0.00259898 


1.04288 0.999985 0.000533352 0.0232325 0.999452 




1.05825 0.00273603 0.0450986 89.4365 0.00261263 


1.05825 1.00029 0.000138945 0.0160276 1.00015 




1.07075 0.00272331 0.0372268 89.3982 0.00262193 


1.07075 1.00033 0.00016126 0.00642471 1.00016 




1.08325 0.00275846 0.0389389 89.1437 0.00265105 


1.08325 1.00005 0.000288746 0.0209617 0.999766 




1.09575 0.00274901 0.0473629 88.6561 0.00261881 


1.09575 0.999682 0.000744565 0.0174062 0.998937 




1.1115 0.0027241 0.0587632 88.4929 0.00256402 


1.1115 0.999501 0.000969838 0.00650379 0.998532 




1.124 0.00274686 0.0601886 88.3039 0.00258153 


1.124 0.999807 0.000636857 0.0229986 0.99917 




1.1385 0.00274447 0.0575036 87.785 0.00258665 


1.1385 1.00049 0.000174773 0.0198824 1.00031 




1.15175 0.00273293 0.0512201 87.6966 0.00259295 


1.15175 1.00066 0.00033277 0.00379657 1.00033 




1.16425 0.0027444 0.0478638 87.4761 0.00261304 


1.16425 1.00021 0.000192185 0.0196724 1.00002 




1.17675 0.00274388 0.0465862 87.0221 0.00261606 


1.17675 0.999592 0.000807434 0.0174231 0.998785 




1.1935 0.00273666 0.0519784 86.8547 0.00259441 


1.1935 0.999271 0.00114155 0.00699216 0.998131 




1.206 0.00274138 0.0578053 86.7702 0.00258291 


1.206 0.999706 0.000706179 0.0237403 0.999 




1.22 0.00274351 0.0614175 86.5565 0.00257501 


1.22 1.00058 0.000174084 0.0203887 1.0004 




1.2335 0.00274165 0.058483 86.5187 0.00258131 


1.2335 1.00081 0.000407152 0.00427318 1.0004 




1.246 0.00273967 0.0523829 86.5283 0.00259616 


1.246 1.00028 0.000130523 0.0195517 1.00015 




1.2585 0.00273832 0.0481865 86.5544 0.00260637 


1.2585 0.999582 0.000824255 0.0167527 0.998758 




1.274 0.00273939 0.0510757 86.5611 0.00259948 


1.274 0.99922 0.00118549 0.00552327 0.998036 




1.2865 0.0027433 0.0566964 86.6637 0.00258776 


1.2865 0.999611 0.000789293 0.0231712 0.998822 




1.30063 0.00274172 0.0587493 86.9446 0.00258065 


1.30063 1.00048 0.000110048 0.0211344 1.00037 




1.31375 0.00273866 0.0552195 86.9965 0.00258743 


1.31375 1.00076 0.000388045 0.00334406 1.00038 




1.32625 0.00274664 0.0516474 87.2091 0.00260479 


1.32625 1.00034 0.000100642 0.0191204 1.00024 




1.33875 0.00274247 0.05188 87.6982 0.00260019 


1.33875 0.999746 0.000683573 0.0180061 0.999062 




1.35525 0.00272867 0.0595647 87.9005 0.00256614 


1.35525 0.999385 0.0010554 0.00436862 0.998331 




1.36775 0.00274837 0.0626089 88.0706 0.00257629 


1.36775 0.999657 0.000752001 0.0224301 0.998905 




1.38263 0.00274203 0.0584018 88.5926 0.00258189 


1.38263 1.00031 0.0001209 0.0203615 1.00019 




1.39525 0.00272576 0.0504627 88.6777 0.00258821 


1.39525 1.0005 0.000249208 0.00397446 1.00025 




1.40775 0.00275623 0.0498906 88.8893 0.00261872 


1.40775 1.00025 0.00017608 0.019483 1.00008 




1.42025 0.00275503 0.0575435 89.3708 0.0025965 


1.42025 0.999912 0.000578419 0.0191109 0.999334 




1.43588 0.00271477 0.0744641 89.5757 0.00251262 


1.43588 0.999715 0.000855616 0.000670729 0.99886 




1.44888 0.00274666 0.0743059 89.6484 0.00254256 


1.44888 0.999808 0.000682757 0.0201572 0.999125 




1.46225 0.00275399 0.0684408 89.8801 0.00256551 


1.46225 1.00002 0.000219677 0.0228787 0.999802 




1.47575 0.00271497 0.0547968 89.9414 0.0025662 


1.47575 1.00011 5.04013e-05 0.00379542 1.00006 




1.48825 0.0027533 0.0543199 89.9643 0.00260374 


1.48825 1.00008 0.000173778 0.0187314 0.999904 




1.50075 0.00276769 0.0636178 89.9737 0.00259161 


1.50075 1.00007 0.000516302 0.0212239 0.999555 




1.51425 0.00271859 0.0841941 89.931 0.0024897 


1.51425 1.0001 0.000772062 0.00723849 0.999332 




1.52963 0.00273655 0.0870435 89.9021 0.00249835 


1.52963 1.00007 0.000694417 0.0163255 0.999377 




1.54213 0.00276104 0.083304 89.7017 0.00253104 


1.54213 0.999883 0.000299366 0.0240304 0.999583 




1.55625 0.00271976 0.0686874 89.5452 0.00253294 


1.55625 0.999676 0.000172836 0.00553582 0.999503 




1.56875 0.00274245 0.0670258 89.4682 0.00255864 


1.56875 0.999795 0.000133049 0.0174778 0.999662 




1.58125 0.0027637 0.0713647 89.0295 0.00256647 


1.58125 1.00012 0.000505454 0.0227852 0.999613 




1.59375 0.00273362 0.0842658 88.6393 0.00250327 


1.59375 1.0004 0.000865582 0.0123765 0.999538 




1.60988 0.00273133 0.0918972 88.5657 0.00248033 


1.60988 1.00039 0.00086547 0.0120348 0.999525 




1.62238 0.0027533 0.0931315 88.2154 0.00249688 


1.62238 0.999919 0.00035571 0.0235933 0.999564 




1.63638 0.00273519 0.0865607 87.8724 0.00249843 


1.63638 0.999344 0.000336123 0.00837832 0.999008 




1.64888 0.00273725 0.0822586 87.8172 0.00251209 


1.64888 0.999487 0.000201466 0.0156885 0.999285 




1.66138 0.0027474 0.0794253 87.3969 0.00252919 


1.66138 1.00005 0.000443924 0.0236362 0.999604 




1.67388 0.00273994 0.0812919 86.9705 0.00251721 


1.67388 1.00055 0.000964248 0.0151859 0.99959 




1.69025 0.0027371 0.0881595 86.8919 0.0024958 


1.69025 1.00064 0.00105714 0.00941454 0.99958 




1.70275 0.00274402 0.093687 86.7362 0.00248694 


1.70275 1.00004 0.000453837 0.0228575 0.999582 




1.71675 0.00274396 0.0947477 86.5483 0.00248398 


1.71675 0.999208 0.000385741 0.00994804 0.998822 




1.72925 0.00274094 0.0901256 86.5415 0.00249391 


1.72925 0.999294 0.000299335 0.0143683 0.998995 




1.74175 0.00273823 0.0840783 86.5182 0.00250801 


1.74175 0.999938 0.000349136 0.0238275 0.999589 




1.75425 0.00273721 0.0817019 86.5082 0.00251358 


1.75425 1.00054 0.000953067 0.0165761 0.999589 




1.77063 0.00274035 0.0867461 86.5093 0.00250264 


1.77063 1.00072 0.00112959 0.00813256 0.999591 




1.78313 0.0027444 0.0921445 86.6506 0.00249152 


1.78313 1.00015 0.000553646 0.0226266 0.999595 




1.79688 0.00274145 0.0923117 86.8422 0.00248838 


1.79688 0.999304 0.000307489 0.0118027 0.998996 




1.80938 0.00274163 0.0884159 86.8737 0.00249923 


1.80938 0.999287 0.000323413 0.0123209 0.998964 




1.82188 0.00274658 0.0847658 87.2115 0.00251377 


1.82188 0.999829 0.000253979 0.0234605 0.999576 




1.83438 0.0027373 0.0870098 87.6786 0.00249913 


1.83438 1.00037 0.00080827 0.0178125 0.999564 




1.85088 0.00273107 0.094635 87.8027 0.00247261 


1.85088 1.0006 0.00103965 0.0067531 0.999561 




1.86338 0.00275131 0.0979487 88.0468 0.00248182 


1.86338 1.00022 0.000621002 0.0225455 0.999599 




1.87725 0.00273659 0.0922887 88.4684 0.00248404 


1.87725 0.999567 0.000166858 0.0144904 0.9994 




1.88975 0.002732 0.0866823 88.5145 0.00249518 


1.88975 0.99949 0.000237307 0.00944432 0.999253 




1.90225 0.00276189 0.0866179 88.8495 0.00252266 


1.90225 0.999809 0.000241916 0.0224073 0.999567 




1.91475 0.00274854 0.0961591 89.3634 0.00248424 


1.91475 1.00014 0.000639092 0.0187124 0.999497 




1.93225 0.00271648 0.112269 89.5329 0.0024115 


1.93225 1.0003 0.000852292 0.00622309 0.999443 




1.94475 0.00275439 0.112539 89.6563 0.00244442 


1.94475 1.00015 0.000593444 0.0226394 0.999554 




1.95725 0.00274237 0.104448 89.8723 0.00245594 


1.95725 0.99991 0.00012149 0.0194462 0.999789 




1.96975 0.00271856 0.0947666 89.9045 0.00246093 


1.96975 0.999851 6.53121e-05 0.00427992 0.999786 




1.98225 0.00276421 0.0961841 89.9587 0.00249834 


1.98225 0.999905 0.000231793 0.0203136 0.999673 




1.99475 0.00276409 0.107568 90.0041 0.00246677 


1.99475 0.99993 0.000553812 0.0195463 0.999377 




2.01213 0.00271034 0.13129 89.9825 0.0023545 


2.01213 0.999912 0.000784115 0.00408781 0.999128 




2.02463 0.00274235 0.131353 89.9485 0.00238213 


2.02463 0.999956 0.000644952 0.0201883 0.999311 




2.03713 0.00275347 0.126415 89.7673 0.00240539 


2.03713 1.00015 0.000211316 0.0244214 0.999941 




2.04963 0.00271853 0.114533 89.6867 0.00240717 


2.04963 1.00029 0.000171848 0.00230915 1.00012 




2.06212 0.00275097 0.114777 89.5664 0.00243522 


2.06212 1.00014 0.000166994 0.0173921 0.999971 




2.07462 0.00276451 0.120757 89.0925 0.00243068 


2.07462 0.999847 0.000542765 0.0197256 0.999304 




2.08962 0.00272559 0.137848 88.6909 0.00234987 


2.08962 0.999586 0.000883766 0.0066121 0.998702 




2.10362 0.00273124 0.143575 88.6444 0.0023391 


2.10362 0.999637 0.000835317 0.0158258 0.998802 




2.11612 0.00275302 0.144736 88.3083 0.00235456 


2.11612 1.00013 0.00030464 0.0272547 0.999823 




2.12862 0.00273446 0.138465 88.0488 0.00235583 


2.12862 1.00066 0.000362051 0.0105062 1.0003 




2.14112 0.0027389 0.134784 87.9733 0.00236974 


2.14112 1.00047 0.000182298 0.0133693 1.00029 




2.15362 0.00274865 0.132693 87.483 0.00238392 


2.15362 0.999928 0.000460251 0.0195979 0.999468 




2.16625 0.00273931 0.135704 86.9962 0.00236758 


2.16625 0.999477 0.000927347 0.011532 0.99855 




2.18287 0.00273613 0.143133 86.896 0.0023445 


2.18287 0.999366 0.00104908 0.0123893 0.998318 




2.19537 0.0027453 0.148571 86.7524 0.00233743 


2.19537 0.99994 0.00047381 0.0273338 0.999466 




2.20787 0.00274564 0.149613 86.5739 0.00233485 


2.20787 1.00079 0.000391498 0.0161524 1.0004 




2.22037 0.00274125 0.145146 86.5605 0.00234337 


2.22037 1.00072 0.0003263 0.00986808 1.0004 




2.23287 0.00273727 0.139205 86.491 0.00235623 


2.23287 1.00009 0.000314318 0.019215 0.999776 




2.24537 0.00273556 0.136525 86.4256 0.00236209 


2.24537 0.999523 0.000881309 0.0132962 0.998642 




2.26225 0.00273971 0.141006 86.4056 0.00235339 


2.26225 0.999263 0.00114084 0.00948603 0.998123 




2.27475 0.00274531 0.14662 86.503 0.00234279 


2.27475 0.999754 0.00064602 0.0264506 0.999108 




2.28725 0.0027447 0.147884 86.6567 0.0023388 


2.28725 1.00066 0.000269713 0.0196462 1.00039 




2.29975 0.00274285 0.144262 86.6835 0.00234716 


2.29975 1.00077 0.000376489 0.00704859 1.00039 




2.31225 0.0027451 0.140108 86.9878 0.00236049 


2.31225 1.00023 0.000185878 0.0189576 1.00005 




2.32475 0.00273759 0.141079 87.49 0.00235138 


2.32475 0.999701 0.000723946 0.015184 0.998978 




2.34162 0.00272873 0.149065 87.689 0.00232197 


2.34162 0.99938 0.00105183 0.00560858 0.998329 




2.35412 0.0027473 0.153044 87.836 0.00232684 


2.35412 0.999661 0.000744259 0.0242481 0.998917 




2.36662 0.00274364 0.150962 88.2118 0.00232946 


2.36662 1.00036 0.000113136 0.0229243 1.00025 




2.37912 0.00273169 0.144911 88.2808 0.00233584 


2.37912 1.00058 0.000293679 0.00437354 1.00028 




2.39162 0.00275918 0.144036 88.5796 0.00236176 


2.39162 1.00026 0.000172232 0.0185914 1.00009 




2.40412 0.0027561 0.15085 89.1927 0.00234034 


2.40412 0.99992 0.000551252 0.0174502 0.999369 




2.421 0.00271387 0.169976 89.5255 0.00225258 


2.421 0.999688 0.000849288 0.000474553 0.998839 




2.4335 0.00273681 0.172828 89.5723 0.00226382 


2.4335 0.999757 0.000737543 0.0193813 0.999019 




2.446 0.00275196 0.170291 89.7958 0.00228333 


2.446 1.00005 0.00023299 0.0262615 0.999814 




2.4585 0.00271806 0.159332 89.8675 0.00228499 


2.4585 1.0002 0.000104919 0.00410844 1.00009 




2.471 0.00275796 0.160191 89.9298 0.00231616 


2.471 1.00013 0.000165054 0.0176576 0.99996 




2.4835 0.00277522 0.168803 90.0574 0.00230675 


2.4835 1.00006 0.00046984 0.0195299 0.999593 




2.4995 0.00271831 0.195161 90.0833 0.0021878 


2.4995 1.00005 0.000731144 0.00648351 0.999323 




2.514 0.00272359 0.202181 90.0751 0.00217293 


2.514 1.00005 0.000721771 0.0141036 0.999327 




2.5255 0.00275631 0.201128 89.9847 0.00220194 


2.5255 0.999935 0.000381111 0.0269901 0.999554 




2.53194 0.0027423 0.195924 89.9104 0.00220502 


2.53194 0.999812 0.000133697 0.0225158 0.999679 




2.54444 0.00272317 0.188243 89.8767 0.00221055 


2.54444 0.999746 0.000147838 0.00699634 0.999598 




2.55694 0.00276543 0.190911 89.6419 0.00223748 


2.55694 0.999951 0.000265076 0.020514 0.999686 




2.56944 0.00276173 0.201058 89.1053 0.00220646 


2.56944 1.00019 0.000603348 0.0184278 0.999587 




2.58694 0.00271834 0.221796 88.7335 0.00211543 


2.58694 1.0004 0.00087927 0.00158963 0.999517 




2.59944 0.00273472 0.22557 88.6841 0.00211785 


2.59944 1.00029 0.000768155 0.0168573 0.999526 




2.60906 0.00275182 0.226564 88.4434 0.00212836 


2.60906 0.999873 0.000311686 0.0266111 0.999562 




2.61556 0.00274354 0.223965 88.2839 0.00212909 


2.61556 0.999476 0.000239626 0.0205247 0.999237 




2.623 0.0027322 0.220212 88.243 0.00213054 


2.623 0.999296 0.000415824 0.00335436 0.998881 




2.62925 0.00273596 0.218955 88.2127 0.00213691 


2.62925 0.99943 0.000282034 0.0122418 0.999149 




2.6355 0.00274496 0.217976 88.052 0.00214663 


2.6355 0.999674 0.000137198 0.0193655 0.999537 




2.64175 0.00275017 0.217231 87.7545 0.00215275 


2.64175 0.99993 0.000322473 0.0215999 0.999608 




2.65019 0.00274715 0.218245 87.2854 0.00214759 


2.65019 1.00023 0.000632589 0.0195023 0.999602 




2.66756 0.00273252 0.22624 86.8036 0.00211431 


2.66756 1.00062 0.00103361 0.00402816 0.999583 




2.68006 0.00273892 0.231897 86.7814 0.00210377 


2.68006 1.00052 0.000945669 0.0143434 0.999579 




2.69056 0.00274857 0.235989 86.6383 0.00209994 


2.69056 0.999898 0.000320774 0.0261953 0.999577 




2.69681 0.00274922 0.236627 86.545 0.00209868 


2.69681 0.99934 0.000268221 0.0209852 0.999072 




2.70431 0.00274589 0.235073 86.5149 0.00210041 


2.70431 0.999051 0.000552627 0.00278065 0.998499 




2.71056 0.00274267 0.232616 86.5103 0.00210468 


2.71056 0.999218 0.000386282 0.0121642 0.998832 




2.71681 0.0027395 0.229673 86.4695 0.00211031 


2.71681 0.999526 9.3535e-05 0.0194354 0.999433 




2.72306 0.00273647 0.226861 86.3956 0.00211567 


2.72306 0.999843 0.000255217 0.0217307 0.999588 




2.73206 0.00273343 0.224143 86.2888 0.00212075 


2.73206 1.00024 0.000645246 0.0194874 0.999591 




2.74956 0.00273602 0.225752 86.203 0.00211836 


2.74956 1.00069 0.00110181 0.00387996 0.999591 




2.76206 0.00274394 0.231172 86.2219 0.00210962 


2.76206 1.00058 0.000988229 0.0157253 0.999592 




2.77125 0.00274894 0.234661 86.3088 0.00210387 


2.77125 0.999986 0.000390862 0.0261924 0.999595 




2.77775 0.00274905 0.235247 86.3683 0.00210234 


2.77775 0.999382 0.000216916 0.0209703 0.999166 




2.78512 0.00274678 0.233847 86.3805 0.00210445 


2.78512 0.999075 0.000525353 0.00271113 0.99855 




2.79137 0.00274557 0.231777 86.4039 0.00210921 


2.79137 0.999209 0.000388531 0.0112937 0.998821 




2.79762 0.00274502 0.229484 86.5196 0.00211509 


2.79762 0.999484 0.000113885 0.0187756 0.999371 




2.80387 0.0027437 0.227687 86.7413 0.00211899 


2.80387 0.999773 0.000194271 0.0213824 0.999579 




2.813 0.00273835 0.22758 87.1485 0.00211516 


2.813 1.00014 0.000563742 0.0195624 0.999574 




2.831 0.00272618 0.235466 87.5609 0.00208425 


2.831 1.00057 0.00100812 0.00442085 0.999565 




2.8435 0.00273913 0.24031 87.6026 0.00208089 


2.8435 1.0005 0.00092677 0.0162359 0.999576 




2.8515 0.00275083 0.242329 87.78 0.00208423 


2.8515 1.00011 0.000505482 0.0264938 0.999607 




2.85775 0.00274676 0.241067 87.9414 0.0020846 


2.85775 0.999647 9.58926e-05 0.0238689 0.999551 




2.86519 0.00273471 0.237353 88.0027 0.00208562 


2.86519 0.999333 0.000366505 0.006215 0.998967 




2.87144 0.00273759 0.235997 88.0198 0.00209153 


2.87144 0.999387 0.000307143 0.0083433 0.99908 




2.87769 0.00275075 0.235534 88.1532 0.00210286 


2.87769 0.999565 0.000144236 0.0168852 0.999421 




2.88394 0.00276259 0.235736 88.4367 0.00211135 


2.88394 0.999758 0.000193334 0.0203622 0.999564 




2.89287 0.0027621 0.240028 88.9642 0.00209912 


2.89287 0.999994 0.000450071 0.0196489 0.999544 




2.91062 0.00271758 0.261201 89.5851 0.00200775 


2.91062 1.00028 0.000798342 0.00694662 0.999479 




2.92375 0.00272156 0.268192 89.6172 0.00199166 


2.92375 1.00029 0.000811703 0.0131901 0.99948 




2.93294 0.00274901 0.269478 89.7264 0.00200821 


2.93294 1.00011 0.000533414 0.0268218 0.999581 




2.93919 0.00274601 0.267166 89.8321 0.00201237 


2.93919 0.999897 0.000175877 0.0268377 0.999721 




2.94619 0.0027234 0.261068 89.8776 0.00201241 


2.94619 0.999742 0.000144589 0.0105427 0.999597 




2.95244 0.00272518 0.259702 89.8825 0.00201745 


2.95244 0.999753 0.000124233 0.00559308 0.999629 




2.95869 0.00274898 0.260875 89.9302 0.00203184 


2.95869 0.999814 9.99693e-05 0.0151395 0.999714 




2.96494 0.00277324 0.262855 90.0287 0.00204428 


2.96494 0.999872 0.000235254 0.0190812 0.999637 




2.97206 0.0027825 0.268139 90.1545 0.00203641 


2.97206 0.999918 0.000394883 0.0192796 0.999524 




2.98569 0.0027441 0.290428 90.2821 0.00194714 


2.98569 0.999956 0.00062455 0.0125703 0.999331 




3.00294 0.00270674 0.311373 90.2873 0.00186394 


3.00294 0.999953 0.000746623 0.00796457 0.999206 




3.0145 0.00274115 0.312621 90.2625 0.00188421 


3.0145 0.99999 0.000575829 0.0255898 0.999414 




3.02075 0.00274801 0.311497 90.2133 0.00189201 


3.02075 1.00009 0.000272569 0.0304258 0.999815 




3.027 0.00272795 0.306169 90.1756 0.00189274 


3.027 1.00022 0.000141639 0.0186331 1.00007 




3.03325 0.00272108 0.303631 90.1711 0.00189487 


3.03325 1.00024 0.00017699 0.000881769 1.00006 




3.0395 0.00274111 0.30496 90.1294 0.00190518 


3.0395 1.00016 0.000104028 0.0127706 1.00006 




3.04575 0.00276512 0.307005 89.9843 0.00191622 


3.04575 1.00006 0.00021798 0.0175719 0.999842 




3.052 0.00277657 0.310533 89.7366 0.00191435 


3.052 0.999959 0.000374286 0.0182726 0.999585 




3.06369 0.0027588 0.324467 89.1807 0.00186366 


3.06369 0.999796 0.000617752 0.0140272 0.999178 




3.08231 0.00271535 0.347691 88.7719 0.00177125 


3.08231 0.999634 0.000841573 0.00487156 0.998793 




3.09481 0.00273409 0.351866 88.7306 0.00177205 


3.09481 0.999729 0.000737504 0.0217235 0.998992 




3.10106 0.00274776 0.352941 88.6127 0.00177796 


3.10106 1.00001 0.000426128 0.0311473 0.999584 




3.10731 0.00274372 0.351545 88.4839 0.00177918 


3.10731 1.00052 0.000255978 0.0277753 1.00026 




3.11356 0.00273343 0.348852 88.4542 0.00177986 


3.11356 1.00075 0.000488239 0.00635078 1.00026 




3.11981 0.00273808 0.34817 88.4146 0.00178476 


3.11981 1.00057 0.000302124 0.00959947 1.00026 




3.12606 0.00274783 0.347784 88.2171 0.00179217 


3.12606 1.0003 0.000147347 0.0159345 1.00016 




3.13231 0.00275266 0.347717 87.8622 0.00179551 


3.13231 1.00007 0.000312528 0.0172091 0.999759 




3.14137 0.00274842 0.349804 87.2465 0.00178701 


3.14137 0.999803 0.000585784 0.0148507 0.999217 




3.1585 0.0027317 0.358885 86.5256 0.00175133 


3.1585 0.99947 0.000936154 0.00419817 0.998535 




3.17225 0.0027371 0.365399 86.4688 0.00173696 


3.17225 0.999436 0.000979247 0.0147915 0.998457 




3.18119 0.00274877 0.368988 86.4104 0.0017345 


3.18119 0.999804 0.000612671 0.0297372 0.999191 




3.18744 0.00275305 0.370389 86.3269 0.00173335 


3.18744 1.00051 0.000156526 0.0321126 1.00036 




3.19369 0.00275061 0.369717 86.2916 0.00173366 


3.19369 1.00105 0.000662883 0.0125076 1.00038 




3.19994 0.00274612 0.367761 86.2861 0.00173621 


3.19994 1.00088 0.000492425 0.00651199 1.00038 




3.20619 0.00274141 0.365209 86.2296 0.00174022 


3.20619 1.00053 0.000155356 0.0144169 1.00037 




3.21244 0.00273662 0.362623 86.1157 0.00174426 


3.21244 1.00022 0.000193038 0.0164167 1.00002 




3.21987 0.00273187 0.360202 85.9575 0.00174784 


3.21987 0.999923 0.000479697 0.0152241 0.999443 




3.23462 0.00272991 0.359093 85.7479 0.00174962 


3.23462 0.999512 0.000890553 0.00716615 0.998622 




3.25062 0.00274106 0.363656 85.6951 0.00174426 


3.25062 0.999324 0.00107925 0.0108402 0.998246 




3.26019 0.00275094 0.36764 85.7318 0.00173958 


3.26019 0.999584 0.000817853 0.0270085 0.998766 




3.26644 0.00275496 0.36937 85.7821 0.00173736 


3.26644 1.00022 0.000181274 0.0338798 1.00004 




3.27269 0.00275448 0.369345 85.8072 0.00173713 


3.27269 1.00095 0.000556492 0.0197651 1.0004 




3.27894 0.00275159 0.367883 85.8128 0.00173932 


3.27894 1.00097 0.000570573 0.00236107 1.0004 




3.28519 0.00274826 0.365781 85.8879 0.001743 


3.28519 1.00067 0.000261666 0.0123031 1.0004 




3.29144 0.0027445 0.363789 86.0777 0.00174608 


3.29144 1.00036 5.28239e-05 0.0157841 1.00031 




3.29769 0.00274009 0.362656 86.3595 0.00174638 


3.29769 1.00011 0.000301118 0.0158758 0.999812 




3.31 0.00273011 0.364485 86.9543 0.00173503 


3.31 0.999745 0.000676291 0.0111595 0.999069 




3.32837 0.00272589 0.373154 87.2963 0.00170872 


3.32837 0.999432 0.000994614 0.00539819 0.998438 




3.33975 0.00274298 0.377253 87.3377 0.00170818 


3.33975 0.999541 0.000872415 0.0238431 0.998669 




3.346 0.00275149 0.378609 87.4521 0.00170975 


3.346 0.999961 0.000419897 0.0338133 0.999541 




3.35225 0.00274536 0.377185 87.5504 0.00170985 


3.35225 1.00062 0.000309435 0.0250145 1.00031 




3.3585 0.00274012 0.375367 87.562 0.00171157 


3.3585 1.00077 0.000459223 0.00340134 1.00031 




3.36475 0.00274848 0.374924 87.6441 0.00171801 


3.36475 1.00057 0.000249426 0.0108569 1.00032 




3.371 0.00276009 0.374907 87.9069 0.00172531 


3.371 1.00035 0.00011375 0.0154681 1.00024 




3.37725 0.00276607 0.376195 88.3201 0.00172549 


3.37725 1.00018 0.000253103 0.0162852 0.999922 




3.38931 0.002753 0.385865 89.2026 0.00169072 


3.38931 0.999928 0.000531715 0.0128056 0.999396 




3.40881 0.00270941 0.409309 89.8525 0.00160043 


3.40881 0.999709 0.0008018 0.00205459 0.998907 




3.42119 0.00272468 0.414512 89.8763 0.00159527 


3.42119 0.99973 0.000768887 0.0205464 0.998961 




3.42744 0.00274199 0.415642 89.9419 0.00160231 


3.42744 0.999906 0.000503047 0.0326856 0.999403 




3.4315 0.00274081 0.414775 89.9951 0.00160399 


3.4315 1.00013 0.000158557 0.0338245 0.999975 




3.43562 0.00272828 0.412066 90.0218 0.00160405 


3.43562 1.00033 0.000205597 0.0208074 1.00012 




3.43875 0.00272312 0.41079 90.0239 0.00160449 


3.43875 1.00036 0.000254859 0.00782724 1.0001 




3.44187 0.00272692 0.410798 90.0285 0.00160671 


3.44187 1.00032 0.000201442 0.00430747 1.00012 




3.445 0.00273748 0.411472 90.0507 0.00161109 


3.445 1.00028 0.000124286 0.00995853 1.00015 




3.45097 0.0027633 0.413258 90.1564 0.00162134 


3.45097 1.00019 0.00013602 0.0155447 1.00005 




3.45722 0.00278286 0.416412 90.3298 0.00162404 


3.45722 1.00012 0.000270673 0.0168787 0.999852 




3.46709 0.00278256 0.427633 90.6068 0.00159264 


3.46709 1.00006 0.000444128 0.0149248 0.999619 




3.48484 0.00272271 0.460821 90.819 0.00146803 


3.48484 1.00003 0.000648507 0.00532532 0.99938 




3.49897 0.00270268 0.475583 90.8235 0.00141733 


3.49897 1.00004 0.000725504 0.00900699 0.99931 




3.50778 0.00272603 0.477437 90.8172 0.00142452 


3.50778 1.00003 0.000638903 0.0248313 0.999389 




3.51322 0.00273807 0.477726 90.7966 0.00143002 


3.51322 0.999959 0.000343367 0.0354962 0.999616 




3.51634 0.00273246 0.47639 90.7832 0.00143075 


3.51634 0.999866 8.19682e-05 0.0326534 0.999784 




3.51972 0.00272168 0.474311 90.7772 0.00143076 


3.51972 0.999783 0.000236311 0.0164337 0.999547 




3.52284 0.00272071 0.473823 90.7765 0.00143157 


3.52284 0.99978 0.0002324 0.00316263 0.999547 




3.52597 0.0027296 0.474553 90.767 0.00143426 


3.52597 0.999815 0.000146782 0.00912698 0.999669 




3.52909 0.00274315 0.475673 90.7361 0.00143831 


3.52909 0.999861 9.22059e-05 0.0139117 0.999769 




3.53412 0.00276454 0.477759 90.626 0.00144376 


3.53412 0.999933 0.000180356 0.01708 0.999753 




3.54037 0.00278019 0.481678 90.384 0.00144103 


3.54037 1.00001 0.00032142 0.0174311 0.999691 




3.54937 0.00277734 0.491819 89.8952 0.00141139 


3.54937 1.00011 0.000481699 0.0151495 0.999626 




3.5655 0.00273392 0.51755 89.0619 0.00131898 


3.5655 1.00025 0.000687961 0.0072622 0.999558 




3.58175 0.00271404 0.533676 88.8017 0.00126562 


3.58175 1.00034 0.000812961 0.00699348 0.999525 




3.59006 0.00272948 0.536263 88.7891 0.00126576 


3.59006 1.00029 0.000758078 0.0206566 0.999528 




3.59562 0.00274267 0.537374 88.7298 0.00126883 


3.59562 1.00001 0.000450315 0.0341798 0.999558 




3.59875 0.00274331 0.537281 88.686 0.00126938 


3.59875 0.999592 0.000192746 0.0366997 0.999399 




3.60187 0.00273761 0.536305 88.6641 0.00126942 


3.60187 0.999171 0.000590639 0.021612 0.998581 




3.605 0.00273499 0.535706 88.6621 0.00126984 


3.605 0.999152 0.000614098 0.00285301 0.998539 




3.60812 0.0027382 0.535725 88.6409 0.00127128 


3.60812 0.999321 0.00043319 0.0102496 0.998888 




3.61125 0.00274373 0.535868 88.5706 0.00127346 


3.61125 0.999494 0.000261011 0.0152282 0.999233 




3.61437 0.00274897 0.535998 88.4419 0.00127553 


3.61437 0.99964 0.000162544 0.017368 0.999477 




3.62059 0.00275473 0.53657 88.0321 0.00127663 


3.62059 0.999862 0.000254463 0.0180476 0.999607 




3.62716 0.00275358 0.538254 87.46 0.00127145 


3.62716 1.00003 0.00042003 0.0166844 0.999613 




3.63966 0.00274064 0.544525 86.3662 0.00124829 


3.63966 1.00027 0.000666043 0.011807 0.999604 




3.65816 0.00273102 0.554915 85.5645 0.00121554 


3.65816 1.00051 0.000916154 0.00144904 0.99959 




3.66922 0.00274231 0.559428 85.5238 0.00120819 


3.66922 1.00053 0.000949365 0.0142623 0.999582 




3.67547 0.00275276 0.561508 85.5094 0.00120706 


3.67547 1.0003 0.000724433 0.0283746 0.999575 




3.67928 0.00275772 0.562424 85.4812 0.00120671 


3.67928 0.999746 0.000212079 0.037491 0.999534 




3.68241 0.00275848 0.562594 85.4609 0.00120658 


3.68241 0.998963 0.000658045 0.0300217 0.998306 




3.68553 0.00275633 0.56218 85.4566 0.00120678 


3.68553 0.998704 0.00091791 0.0070409 0.997787 




3.68866 0.00275329 0.561471 85.4534 0.0012074 


3.68866 0.998923 0.000698567 0.0081155 0.998225 




3.69178 0.00274991 0.560584 85.4315 0.00120835 


3.69178 0.999183 0.000438997 0.0144913 0.998744 




3.69491 0.00274628 0.559588 85.384 0.0012095 


3.69491 0.999398 0.00023129 0.017162 0.999167 




3.70006 0.00274004 0.557886 85.2562 0.00121141 


3.70006 0.999666 0.000113274 0.0182443 0.999553 




3.70631 0.00273296 0.556025 85.0548 0.00121337 


3.70631 0.9999 0.000312058 0.0173696 0.999588 




3.7165 0.00272529 0.554044 84.7344 0.00121536 


3.7165 1.00017 0.000579515 0.014003 0.999593 




3.73537 0.00273079 0.554931 84.4226 0.00121539 


3.73537 1.00052 0.000922415 0.00392066 0.999593 




3.74787 0.00274783 0.558473 84.3784 0.00121324 


3.74787 1.00063 0.00104034 0.0106617 0.999592 




3.75419 0.00275785 0.560557 84.3935 0.00121192 


3.75419 1.00052 0.000929576 0.0233633 0.999593 




3.75891 0.00276339 0.561746 84.4199 0.00121107 


3.75891 1.00002 0.000425507 0.0362358 0.999593 




3.76203 0.00276459 0.562039 84.4331 0.00121079 


3.76203 0.999221 0.00038331 0.0345869 0.998838 




3.76516 0.00276366 0.56184 84.4349 0.00121093 


3.76516 0.998715 0.000884446 0.0132904 0.997832 




3.76828 0.00276146 0.561294 84.4395 0.00121147 


3.76828 0.998828 0.000766437 0.00415671 0.998063 




3.77141 0.00275848 0.560538 84.4664 0.00121224 


3.77141 0.999069 0.000521219 0.0122397 0.998549 




3.77453 0.00275499 0.559701 84.5254 0.00121302 


3.77453 0.999283 0.000304556 0.015821 0.998979 




3.77909 0.00274949 0.558554 84.6728 0.00121375 


3.77909 0.999526 5.85568e-05 0.0176183 0.999468 




3.78534 0.00274187 0.557528 84.9769 0.0012132 


3.78534 0.999768 0.000187673 0.0174379 0.999581 




3.79453 0.00273179 0.557839 85.5461 0.00120789 


3.79453 1.00002 0.000444316 0.0150749 0.999577 




3.81178 0.00272087 0.564116 86.4558 0.00118598 


3.81178 1.00035 0.000776195 0.00730048 0.999571 




3.82653 0.00272884 0.57078 86.6663 0.00117128 


3.82653 1.00053 0.000965075 0.00751609 0.999569 




3.83359 0.00274186 0.573006 86.6731 0.00117075 


3.83359 1.00052 0.000945221 0.0198746 0.999576 




3.83859 0.00275172 0.574211 86.7147 0.00117165 


3.83859 1.00024 0.000639683 0.0344448 0.999602 




3.84172 0.00275299 0.574351 86.7523 0.00117181 


3.84172 0.999669 4.49356e-05 0.0392507 0.999624 




3.84484 0.00274901 0.573724 86.7696 0.00117184 


3.84484 0.999062 0.000631433 0.02152 0.998431 




3.84797 0.0027476 0.57332 86.772 0.00117235 


3.84797 0.99904 0.000646373 0.000608193 0.998395 




3.85109 0.00275046 0.573265 86.8021 0.00117372 


3.85109 0.999214 0.000454918 0.00962348 0.998759 




3.85422 0.00275507 0.573302 86.887 0.00117558 


3.85422 0.999379 0.000277758 0.0141319 0.999102 




3.85775 0.00276024 0.573458 87.0569 0.00117736 


3.85775 0.999529 0.000134519 0.0162491 0.999395 




3.864 0.00276611 0.574557 87.524 0.00117682 


3.864 0.999722 0.000156596 0.0168809 0.999565 




3.87125 0.00276546 0.578095 88.231 0.00116676 


3.87125 0.999877 0.000315298 0.0156661 0.999562 




3.88425 0.00274608 0.591096 89.5097 0.00112288 


3.88425 1.00007 0.000529286 0.0114097 0.999536 




3.90425 0.00270725 0.614409 90.491 0.00104389 


3.90425 1.00025 0.000755275 0.00427861 0.999493 




3.91362 0.00271073 0.619444 90.5327 0.00103158 


3.91362 1.00028 0.000806265 0.0144358 0.999478 




3.91941 0.00272531 0.620866 90.5437 0.00103326 


3.91941 1.00022 0.000712996 0.0290187 0.999503 




3.92253 0.00273251 0.62138 90.5649 0.00103458 


3.92253 1.00003 0.000442149 0.0405722 0.999587 




3.92461 0.00273195 0.62119 90.58 0.00103489 


3.92461 0.999755 0.000104132 0.0425795 0.999651 




3.92636 0.00272756 0.620574 90.587 0.00103491 


3.92636 0.999525 0.000362449 0.0308271 0.999163 




3.92792 0.00272447 0.620131 90.5882 0.00103494 


3.92792 0.999459 0.000468514 0.0150631 0.998991 




3.92948 0.00272465 0.620058 90.5888 0.00103521 


3.92948 0.999488 0.000425864 0.00302759 0.999063 




3.93105 0.00272784 0.620271 90.5937 0.00103584 


3.93105 0.999545 0.000338206 0.00472924 0.999207 




3.93327 0.00273554 0.6208 90.6142 0.00103732 


3.93327 0.999623 0.000217588 0.0106252 0.999405 




3.93639 0.00274883 0.62171 90.6752 0.00103985 


3.93639 0.999707 0.000107329 0.0143316 0.9996 




3.93952 0.00276182 0.622798 90.772 0.00104176 


3.93952 0.999768 0.000112718 0.0156998 0.999655 




3.94558 0.00278063 0.626021 91.0329 0.0010399 


3.94558 0.999844 0.000231601 0.0158461 0.999613 




3.95227 0.00278839 0.632232 91.3662 0.00102548 


3.95227 0.999895 0.000338745 0.0145699 0.999556 




3.96477 0.00277053 0.651457 91.8989 0.000965648 


3.96477 0.999944 0.000480281 0.0107806 0.999464 




3.98627 0.00270653 0.687641 92.2116 0.00084541 


3.98627 0.999961 0.00065013 0.00455502 0.999311 




3.99677 0.00269941 0.695677 92.2127 0.000821493 


3.99677 0.999946 0.000712151 0.0131132 0.999234 




4.00236 0.0027104 0.697146 92.2124 0.000820856 


4.00236 0.999932 0.00070354 0.024724 0.999228 




4.00548 0.00271966 0.697673 92.2101 0.000822228 


4.00548 0.999933 0.000605207 0.0368048 0.999328 




4.00775 0.00272363 0.697862 92.2066 0.000822913 


4.00775 0.999976 0.000321153 0.0482734 0.999655 




4.00931 0.00272158 0.697591 92.2042 0.000823031 


4.00931 1.00008 0.000117194 0.0463991 0.99996 




4.01087 0.00271756 0.697141 92.2034 0.000823035 


4.01087 1.00018 0.000433187 0.0239331 0.999748 




4.01244 0.00271766 0.697102 92.2032 0.000823172 


4.01244 1.0002 0.000403524 0.0041632 0.999794 




4.014 0.002722 0.697425 92.2009 0.000823611 


4.014 1.00018 0.000287385 0.00604622 0.999888 




4.01556 0.00272854 0.697898 92.1941 0.000824299 


4.01556 1.00015 0.000185008 0.0107856 0.999964 




4.0173 0.00273674 0.698491 92.1795 0.000825153 


4.0173 1.00012 0.000107052 0.0133723 1.00001 




4.02042 0.00275124 0.699697 92.1305 0.000826203 


4.02042 1.00008 0.000105258 0.0150744 0.999973 




4.02355 0.00276345 0.701193 92.0494 0.00082574 


4.02355 1.00004 0.000178199 0.015269 0.999865 




4.02973 0.00277843 0.705527 91.7916 0.000818175 


4.02973 0.999987 0.000298851 0.0142277 0.999688 




4.0368 0.00278131 0.713062 91.3571 0.000798062 


4.0368 0.999935 0.000399163 0.0123145 0.999535 




4.0493 0.00276161 0.731165 90.3688 0.000742417 


4.0493 0.999855 0.000531369 0.00840283 0.999323 




4.0703 0.00271815 0.758553 89.0095 0.000656289 


4.0703 0.999724 0.000713822 0.0052496 0.999011 




4.08067 0.00271713 0.764824 88.8201 0.000639004 


4.08067 0.999657 0.00080105 0.0136614 0.998856 




4.0862 0.00272625 0.766283 88.813 0.000637171 


4.0862 0.999647 0.000818488 0.024365 0.998828 




4.08933 0.00273382 0.76682 88.8084 0.000637471 


4.08933 0.999724 0.000734568 0.0368525 0.99899 




4.09094 0.00273733 0.767042 88.8013 0.000637682 


4.09094 0.999902 0.000540176 0.0477922 0.999362 




4.09234 0.00273866 0.767123 88.7936 0.000637771 


4.09234 1.00037 0.000205508 0.0576073 1.00017 




4.09312 0.00273803 0.767067 88.7904 0.000637779 


4.09312 1.00085 0.000630387 0.0534329 1.00022 




4.09391 0.00273683 0.766964 88.7891 0.00063778 


4.09391 1.0012 0.00103562 0.0351161 1.00017 




4.09469 0.00273613 0.766899 88.789 0.000637795 


4.09469 1.00124 0.00108104 0.0154808 1.00016 




4.09547 0.0027363 0.766896 88.7882 0.000637843 


4.09547 1.00113 0.0009548 0.00304986 1.00017 




4.09625 0.00273711 0.766932 88.785 0.000637932 


4.09625 1.00099 0.000806204 0.00435939 1.00019 




4.09715 0.00273848 0.766996 88.7768 0.000638077 


4.09715 1.00086 0.000657184 0.00889359 1.0002 




4.09871 0.00274135 0.767128 88.748 0.000638383 


4.09871 1.00068 0.00046314 0.01263 1.00022 




4.10027 0.00274424 0.767267 88.6987 0.000638673 


4.10027 1.00055 0.000330318 0.0141022 1.00022 




4.10291 0.00274843 0.767538 88.5678 0.000638906 


4.10291 1.0004 0.000200767 0.0147192 1.0002 




4.10604 0.00275184 0.767979 88.3398 0.000638484 


4.10604 1.00027 0.00017303 0.0143669 1.0001 




4.11107 0.00275381 0.769102 87.8329 0.000635848 


4.11107 1.00013 0.000258058 0.013088 0.999871 




4.11732 0.00275163 0.771255 87.0335 0.000629421 


4.11732 1.00001 0.000373693 0.0111981 0.999632 




4.12888 0.00274141 0.776681 85.3776 0.000612209 


4.12888 0.999839 0.000542928 0.00757195 0.999297 




4.14951 0.00273274 0.785961 83.1818 0.000584912 


4.14951 0.999608 0.000785989 0.00439837 0.998822 




4.1617 0.00274437 0.789616 82.7546 0.000577371 


4.1617 0.999475 0.000928645 0.0129126 0.998547 




4.16766 0.0027547 0.790928 82.7247 0.00057593 


4.16766 0.999437 0.000975951 0.0232378 0.998461 




4.17079 0.00276064 0.79149 82.7262 0.000575621 


4.17079 0.999506 0.000916543 0.0346236 0.99859 




4.17259 0.00276379 0.791756 82.7257 0.000575541 


4.17259 0.999731 0.000708701 0.0466996 0.999023 




4.17399 0.00276566 0.791909 82.7232 0.000575509 


4.17399 1.00038 0.000256492 0.0596549 1.00012 




4.17477 0.00276616 0.79195 82.7215 0.0005755 


4.17477 1.00118 0.000827399 0.0591287 1.00035 




4.17555 0.00276605 0.791941 82.7206 0.0005755 


4.17555 1.00189 0.00152556 0.0389942 1.00036 




4.17634 0.00276545 0.791893 82.7205 0.000575512 


4.17634 1.00194 0.00157805 0.0155609 1.00036 




4.17712 0.00276461 0.791821 82.7204 0.000575535 


4.17712 1.00172 0.00135772 0.00200698 1.00036 




4.1779 0.00276364 0.791734 82.7194 0.000575571 


4.1779 1.00149 0.00112972 0.00504514 1.00036 




4.17868 0.00276257 0.791636 82.7167 0.000575619 


4.17868 1.00131 0.000940829 0.00884472 1.00036 




4.18001 0.00276059 0.791448 82.7073 0.000575725 


4.18001 1.00106 0.000699165 0.0119859 1.00036 




4.18157 0.00275806 0.791201 82.687 0.00057588 


4.18157 1.00086 0.000499581 0.0134178 1.00036 




4.18382 0.00275419 0.790812 82.64 0.000576143 


4.18382 1.00066 0.000304681 0.0138985 1.00035 




4.18695 0.0027486 0.790239 82.5426 0.000576549 


4.18695 1.00047 0.000145902 0.013508 1.00032 




4.19141 0.00274071 0.789414 82.3519 0.000577154 


4.19141 1.00029 0.00015011 0.012335 1.00014 




4.19766 0.00273089 0.788347 82.0269 0.000578001 


4.19766 1.00011 0.000297588 0.0104237 0.999813 




4.20835 0.00272012 0.786979 81.4618 0.000579442 


4.20835 0.999902 0.000499083 0.00704443 0.999403 




4.2281 0.0027271 0.7867 80.792 0.000581691 


4.2281 0.999615 0.000786297 0.00320726 0.998829 




4.24085 0.00274989 0.788198 80.6263 0.000582434 


4.24085 0.99943 0.000971618 0.0115004 0.998459 




4.24704 0.00276399 0.789221 80.5999 0.000582591 


4.24704 0.999345 0.00105684 0.0211511 0.998289 




4.25016 0.00277073 0.789731 80.601 0.0005826 


4.25016 0.99935 0.00105204 0.0309696 0.998298 




4.25223 0.00277436 0.790016 80.6068 0.00058257 


4.25223 0.999486 0.000917212 0.0428988 0.998569 




4.25379 0.00277613 0.790163 80.6122 0.000582534 


4.25379 0.999981 0.000444787 0.0572248 0.999536 




4.25466 0.00277651 0.790198 80.6143 0.000582518 


4.25466 1.00075 0.000430151 0.0610305 1.00032 




4.25547 0.00277647 0.790196 80.6149 0.000582515 


4.25547 1.00163 0.00126683 0.0456801 1.00036 




4.25625 0.0027762 0.790171 80.6148 0.000582527 


4.25625 1.0019 0.00151765 0.0217529 1.00038 




4.25703 0.00277573 0.790128 80.6155 0.000582549 


4.25703 1.00177 0.00137571 0.0062822 1.00039 




4.25781 0.00277506 0.790067 80.618 0.000582579 


4.25781 1.00157 0.00117126 0.00210501 1.00039 




4.25859 0.00277422 0.789991 80.623 0.00058261 


4.25859 1.00139 0.000989351 0.00654481 1.0004 




4.25993 0.00277244 0.789841 80.6379 0.000582653 


4.25993 1.00115 0.000747856 0.0103451 1.0004 




4.26149 0.00276999 0.789648 80.6664 0.000582672 


4.26149 1.00095 0.000545396 0.0121676 1.0004 




4.26365 0.00276618 0.789382 80.7255 0.000582609 


4.26365 1.00076 0.000348636 0.0129503 1.00041 




4.26677 0.00276023 0.789047 80.8503 0.00058228 


4.26677 1.00056 0.000154212 0.0128337 1.00041 




4.27093 0.0027522 0.788779 81.0818 0.000581321 


4.27093 1.00039 2.65201e-05 0.0119621 1.00036 




4.27718 0.00274095 0.788898 81.5458 0.000578621 


4.27718 1.00021 0.000204089 0.0102486 1.00001 




4.28693 0.00272725 0.79049 82.4443 0.000571385 


4.28693 1.00002 0.000398514 0.007332 0.999621 




4.30543 0.00271784 0.797157 84.0808 0.000551294 


4.30543 0.999756 0.000667865 0.00175331 0.999088 




4.3208 0.0027297 0.802944 84.7031 0.000537904 


4.3208 0.999543 0.00088559 0.0099878 0.998658 




4.32737 0.00274169 0.804507 84.7405 0.000535983 


4.32737 0.99944 0.000988552 0.0197518 0.998452 




4.33049 0.00274882 0.805033 84.7407 0.00053593 


4.33049 0.99941 0.00101354 0.0293871 0.998397 




4.33252 0.00275342 0.805316 84.7438 0.000536048 


4.33252 0.999465 0.000945063 0.0412527 0.99852 




4.33409 0.00275601 0.805472 84.7497 0.000536122 


4.33409 0.999772 0.00060032 0.0574218 0.999172 




4.33491 0.00275635 0.805492 84.7531 0.000536133 


4.33491 1.00032 6.17801e-05 0.0650836 1.00026 




4.33541 0.00275602 0.805469 84.7546 0.000536133 


4.33541 1.00087 0.000598666 0.0607647 1.00027 




4.33595 0.00275545 0.805428 84.7552 0.000536133 


4.33595 1.00136 0.00111009 0.0437089 1.00025 




4.33634 0.00275513 0.805404 84.7553 0.000536137 


4.33634 1.0015 0.00124762 0.0293435 1.00025 




4.33673 0.00275499 0.805391 84.7553 0.000536146 


4.33673 1.0015 0.00124149 0.0177508 1.00026 




4.33743 0.00275514 0.80539 84.7563 0.000536178 


4.33743 1.00138 0.00109908 0.00476686 1.00028 




4.33821 0.00275569 0.805407 84.7604 0.000536238 


4.33821 1.00122 0.000918964 0.00348707 1.0003 




4.33899 0.00275645 0.805433 84.7686 0.000536315 


4.33899 1.00108 0.000767175 0.00735611 1.00031 




4.34009 0.00275765 0.805475 84.7888 0.000536431 


4.34009 1.00093 0.000601912 0.0102735 1.00033 




4.34165 0.00275937 0.805549 84.8365 0.000536563 


4.34165 1.00077 0.000431578 0.0121075 1.00034 




4.34362 0.00276132 0.80568 84.9295 0.000536579 


4.34362 1.00063 0.000282691 0.0128609 1.00035 




4.34674 0.00276366 0.806041 85.1498 0.000536037 


4.34674 1.00049 0.000132195 0.012811 1.00035 




4.3509 0.00276527 0.80694 85.566 0.000533864 


4.3509 1.00035 8.7078e-05 0.0120031 1.00027 




4.35715 0.00276465 0.809403 86.3977 0.000526933 


4.35715 1.00022 0.000202001 0.0103855 1.00002 




4.36627 0.00275824 0.815443 87.8708 0.000509051 


4.36627 1.00009 0.000341091 0.00781899 0.999753 




4.3824 0.00273614 0.830758 90.4566 0.000463068 


4.3824 0.99994 0.000519242 0.00276967 0.999421 




4.40002 0.00271118 0.846174 92.1262 0.000417049 


4.40002 0.999805 0.000691818 0.00618145 0.999114 




4.40834 0.00270877 0.850045 92.3459 0.000406192 


4.40834 0.99974 0.000786503 0.0148876 0.998954 




4.41252 0.002713 0.850964 92.3639 0.000404337 


4.41252 0.999714 0.000834028 0.0245019 0.998881 




4.41474 0.00271727 0.851254 92.3643 0.000404182 


4.41474 0.999726 0.000831143 0.0351052 0.998895 




4.41616 0.00272052 0.851406 92.3652 0.000404252 


4.41616 0.9998 0.000745767 0.0485583 0.999055 




4.41695 0.00272208 0.851475 92.3666 0.000404298 


4.41695 0.999949 0.00055684 0.0613269 0.999392 




4.41761 0.00272268 0.851499 92.368 0.000404319 


4.41761 1.00031 0.000183899 0.0738479 1.00013 




4.418 0.00272236 0.851481 92.3686 0.000404322 


4.418 1.0007 0.000573918 0.0711516 1.00012 




4.41839 0.0027217 0.851445 92.3689 0.000404322 


4.41839 1.001 0.00102535 0.0502895 0.999972 




4.41879 0.00272128 0.851422 92.369 0.000404324 


4.41879 1.00103 0.00110366 0.0262026 0.99993 




4.41918 0.00272137 0.851423 92.3691 0.000404332 


4.41918 1.00095 0.000995579 0.0106341 0.999952 




4.41957 0.00272189 0.851445 92.3696 0.00040435 


4.41957 1.00085 0.000860498 0.00249245 0.999988 




4.41996 0.00272272 0.85148 92.3707 0.000404378 


4.41996 1.00076 0.00074021 0.00450338 1.00002 




4.42059 0.00272448 0.851553 92.3744 0.00040444 


4.42059 1.00065 0.000586015 0.00904882 1.00007 




4.42137 0.00272707 0.85166 92.3826 0.000404534 


4.42137 1.00056 0.000447931 0.01188 1.00011 




4.42215 0.0027299 0.851777 92.3952 0.000404632 


4.42215 1.00049 0.000347138 0.0132706 1.00014 




4.42371 0.0027358 0.852044 92.4341 0.000404779 


4.42371 1.0004 0.000210791 0.0143006 1.00018 




4.42528 0.00274166 0.852359 92.4913 0.00040478 


4.42528 1.00033 0.000128156 0.0144119 1.0002 




4.42831 0.00275216 0.853167 92.6503 0.000404107 


4.42831 1.00025 9.28646e-05 0.0138303 1.00016 




4.43162 0.0027618 0.854431 92.8855 0.000402031 


4.43162 1.0002 0.000150718 0.0128663 1.00005 




4.43787 0.00277415 0.858105 93.4514 0.000393638 


4.43787 1.00014 0.000250621 0.0109441 0.999889 




4.446 0.00277924 0.865387 94.2994 0.000374123 


4.446 1.0001 0.000341308 0.00853293 0.999754 




4.45937 0.00276596 0.881579 95.609 0.000327548 


4.45937 1.00006 0.000447379 0.00460516 0.999611 




4.48187 0.00271687 0.907265 96.7408 0.000251949 


4.48187 1.00005 0.000599895 0.00421959 0.999448 




4.49175 0.00270281 0.913107 96.8185 0.000234854 


4.49175 1.00007 0.000690244 0.0119561 0.999381 




4.49662 0.00270249 0.914363 96.8207 0.000231433 


4.49662 1.00011 0.000758688 0.0203267 0.999346 




4.49903 0.00270494 0.914652 96.8204 0.000230861 


4.49903 1.00014 0.000804861 0.0291472 0.999339 




4.50048 0.00270743 0.914759 96.8204 0.000230785 


4.50048 1.00019 0.000829923 0.0401661 0.999361 




4.50126 0.00270903 0.914805 96.8204 0.000230796 


4.50126 1.00024 0.000818932 0.0519046 0.999419 




4.50176 0.00271002 0.914831 96.8204 0.000230809 


4.50176 1.00029 0.000756037 0.065403 0.999532 




4.50215 0.00271061 0.914847 96.8203 0.000230818 


4.50215 1.00034 0.000567884 0.0833894 0.999776 




4.50242 0.00271068 0.914848 96.8203 0.00023082 


4.50242 1.00035 0.000380685 0.0965401 0.999972 




4.50255 0.00271054 0.914843 96.8203 0.00023082 


4.50255 1.0003 0.000655932 0.0930044 0.99964 




4.50267 0.00271036 0.914838 96.8203 0.00023082 


4.50267 1.00019 0.000998133 0.0768821 0.999194 




4.50277 0.00271021 0.914833 96.8203 0.00023082 


4.50277 1.00009 0.00118014 0.0559249 0.998906 




4.50287 0.00271014 0.914831 96.8203 0.00023082 


4.50287 1.00001 0.00121616 0.0374615 0.998789 




4.50296 0.00271014 0.914831 96.8203 0.000230821 


4.50296 0.999949 0.00117445 0.023178 0.998774 




4.50316 0.00271035 0.914836 96.8203 0.000230823 


4.50316 0.99989 0.00102469 0.00591982 0.998865 




4.50335 0.00271075 0.914848 96.8203 0.000230826 


4.50335 0.999865 0.000877883 0.00437707 0.998987 




4.50355 0.00271129 0.914863 96.8202 0.000230831 


4.50355 0.999855 0.000758031 0.0093179 0.999097 




4.50374 0.00271191 0.914881 96.8201 0.000230836 


4.50374 0.999852 0.000661806 0.0124122 0.99919 




4.50412 0.00271326 0.914918 96.8198 0.000230849 


4.50412 0.999854 0.000524122 0.0155986 0.999329 




4.50451 0.00271481 0.914962 96.8193 0.000230861 


4.50451 0.999859 0.00042138 0.0171368 0.999437 




4.50502 0.00271693 0.915024 96.8183 0.000230873 


4.50502 0.999867 0.000324467 0.0179824 0.999542 




4.5058 0.00272027 0.91513 96.8159 0.00023087 


4.5058 0.999879 0.000223749 0.0182488 0.999655 




4.50658 0.0027236 0.915248 96.8122 0.000230829 


4.50658 0.99989 0.00015685 0.018048 0.999733 




4.50806 0.0027297 0.915516 96.8011 0.000230617 


4.50806 0.999908 9.18407e-05 0.0172952 0.999816 




4.50962 0.00273573 0.91587 96.7828 0.000230158 


4.50962 0.999923 9.41712e-05 0.0163964 0.999829 




4.51271 0.00274612 0.916822 96.7222 0.000228416 


4.51271 0.999949 0.000158542 0.0147323 0.99979 




4.5159 0.00275458 0.918181 96.6201 0.000225376 


4.5159 0.99997 0.000216871 0.013242 0.999753 




4.52215 0.00276504 0.92193 96.2815 0.000215868 


4.52215 1 0.000300442 0.0107901 0.999704 




4.53078 0.00276849 0.928946 95.4713 0.000196712 


4.53078 1.00005 0.000382861 0.0079624 0.999664 




4.54503 0.00275663 0.942175 93.2528 0.000159402 


4.54503 1.00011 0.000489951 0.0037386 0.999623 




4.56665 0.00273084 0.956931 89.0928 0.000117613 


4.56665 1.00024 0.000663053 0.00447152 0.99958 




4.57628 0.00272771 0.959845 87.9888 0.000109531 


4.57628 1.00035 0.000790309 0.0114797 0.999556 




4.58087 0.00272985 0.960478 87.7744 0.000107889 


4.58087 1.00044 0.000897964 0.0186669 0.999538 




4.58331 0.00273222 0.960648 87.7341 0.000107517 


4.58331 1.00052 0.000994494 0.0268428 0.999521 




4.58466 0.00273395 0.960704 87.7274 0.000107435 


4.58466 1.00058 0.00107649 0.0365363 0.999505 




4.58541 0.00273503 0.960725 87.7266 0.000107418 


4.58541 1.00062 0.00113137 0.0477143 0.999492 




4.5858 0.00273562 0.960734 87.7266 0.000107416 


4.5858 1.00063 0.00114663 0.0589736 0.999483 




4.58605 0.002736 0.96074 87.7266 0.000107416 


4.58605 1.00059 0.00111501 0.0721226 0.999478 




4.58624 0.00273626 0.960743 87.7266 0.000107416 


4.58624 1.00047 0.000994343 0.0889341 0.99948 




4.58633 0.00273638 0.960745 87.7265 0.000107416 


4.58633 1.0003 0.000810664 0.103351 0.999485 




4.58643 0.00273647 0.960746 87.7265 0.000107416 


4.58643 0.999844 0.00039485 0.124563 0.999449 




4.58651 0.00273649 0.960747 87.7265 0.000107416 


4.58651 0.998922 0.000869459 0.142037 0.998054 




4.58655 0.00273649 0.960747 87.7264 0.000107416 


4.58655 0.998082 0.00180743 0.139701 0.996278 




4.58657 0.00273647 0.960746 87.7264 0.000107416 


4.58657 0.997539 0.00243299 0.128093 0.995112 




4.58661 0.00273645 0.960746 87.7264 0.000107416 


4.58661 0.996986 0.00308207 0.0998665 0.993913 




4.58663 0.00273644 0.960746 87.7264 0.000107416 


4.58663 0.996811 0.00329401 0.0765553 0.993527 




4.58666 0.00273642 0.960746 87.7264 0.000107416 


4.58666 0.996793 0.00332458 0.0556798 0.993479 




4.58669 0.00273642 0.960746 87.7264 0.000107416 


4.58669 0.996889 0.0032215 0.0355014 0.993678 




4.58673 0.00273642 0.960746 87.7264 0.000107416 


4.58673 0.997137 0.0029451 0.0139567 0.9942 




4.58678 0.00273644 0.960746 87.7264 0.000107416 


4.58678 0.99738 0.00267048 0.00203724 0.994716 




4.58683 0.00273647 0.960746 87.7264 0.000107417 


4.58683 0.997586 0.00243533 0.00697742 0.995157 




4.58688 0.0027365 0.960747 87.7263 0.000107417 


4.58688 0.997758 0.00223952 0.0120046 0.995524 




4.58696 0.00273657 0.960748 87.7262 0.000107417 


4.58696 0.997981 0.00198516 0.0170992 0.996 




4.58706 0.00273667 0.960749 87.726 0.000107417 


4.58706 0.998184 0.00175317 0.0205117 0.996434 




4.58716 0.00273677 0.96075 87.7256 0.000107418 


4.58716 0.998338 0.00157717 0.0223988 0.996764 




4.5873 0.00273693 0.960752 87.7249 0.000107418 


4.5873 0.998506 0.00138587 0.0238101 0.997122 




4.58749 0.00273717 0.960755 87.7234 0.000107419 


4.58749 0.998674 0.00119427 0.0245814 0.997481 




4.58769 0.00273741 0.960759 87.7214 0.000107419 


4.58769 0.998797 0.00105409 0.0247449 0.997744 




4.58804 0.00273786 0.960765 87.7162 0.000107419 


4.58804 0.998957 0.000874006 0.0244538 0.998083 




4.58843 0.00273834 0.960773 87.7081 0.000107416 


4.58843 0.999079 0.000737006 0.0238428 0.998342 




4.58894 0.00273894 0.960786 87.6937 0.000107406 


4.58894 0.999192 0.000611536 0.0229691 0.998581 




4.58972 0.0027398 0.960808 87.6626 0.000107378 


4.58972 0.999313 0.000481002 0.0217044 0.998832 




4.59059 0.00274066 0.96084 87.6153 0.000107324 


4.59059 0.999406 0.000384189 0.0204817 0.999022 




4.59215 0.00274193 0.960918 87.4956 0.00010716 


4.59215 0.999521 0.000276508 0.0186781 0.999245 




4.59387 0.00274295 0.961037 87.3128 0.000106874 


4.59387 0.999608 0.000214613 0.017103 0.999393 




4.59699 0.00274393 0.961344 86.8477 0.00010607 


4.59699 0.999715 0.000188333 0.0148881 0.999526 




4.6009 0.00274386 0.961877 86.0404 0.000104605 


4.6009 0.999805 0.0002228 0.0127767 0.999583 




4.60715 0.00274175 0.962968 84.2936 0.000101532 


4.60715 0.999908 0.000300925 0.0101583 0.999607 




4.61728 0.00273643 0.964858 80.6041 9.61627e-05 


4.61728 1.00003 0.000414038 0.00679185 0.999614 




4.63415 0.00273318 0.966748 73.9256 9.08844e-05 


4.63415 1.00019 0.000582005 0.00195014 0.999613 




4.65178 0.00274845 0.966879 69.2739 9.10316e-05 


4.65178 1.0004 0.000797815 0.00615359 0.999604 




4.65971 0.00276183 0.966843 68.4046 9.1573e-05 


4.65971 1.00056 0.00096747 0.0129974 0.999595 




4.66346 0.00276863 0.966876 68.2392 9.17091e-05 


4.66346 1.0007 0.00111213 0.0200671 0.999585 




4.66545 0.00277193 0.966904 68.2041 9.17391e-05 


4.66545 1.00082 0.00124294 0.0280665 0.999572 




4.66653 0.00277347 0.966921 68.197 9.17445e-05 


4.66653 1.00091 0.00135372 0.0371444 0.999555 




4.66713 0.00277419 0.966929 68.1957 9.1745e-05 


4.66713 1.00097 0.00143527 0.0473586 0.999532 




4.66749 0.00277455 0.966933 68.1956 9.17447e-05 


4.66749 1.00098 0.00147752 0.0591323 0.999499 




4.66769 0.0027747 0.966935 68.1957 9.17444e-05 


4.66769 1.00093 0.00146976 0.0703258 0.999458 




4.66784 0.00277481 0.966937 68.1957 9.17443e-05 


4.66784 1.00078 0.00139623 0.0846488 0.999383 




4.66794 0.00277486 0.966937 68.1958 9.17442e-05 


4.66794 1.0005 0.00125098 0.0999101 0.999246 




4.66801 0.0027749 0.966938 68.1958 9.17441e-05 


4.66801 0.99994 0.00107299 0.117751 0.998867 




4.66806 0.00277492 0.966938 68.1958 9.17441e-05 


4.66806 0.999137 0.00122949 0.132052 0.997909 




4.66811 0.00277493 0.966938 68.1958 9.17441e-05 


4.66811 0.997725 0.00224378 0.140048 0.995487 




4.66813 0.00277494 0.966938 68.1958 9.17441e-05 


4.66813 0.996633 0.00321488 0.134103 0.993429 




4.66816 0.00277494 0.966938 68.1958 9.17441e-05 


4.66816 0.995525 0.00424231 0.113827 0.991302 




4.66818 0.00277494 0.966938 68.1958 9.17441e-05 


4.66818 0.994842 0.00487785 0.0829111 0.98999 




4.66821 0.00277494 0.966938 68.1958 9.17441e-05 


4.66821 0.994686 0.00500851 0.0541452 0.989704 




4.66823 0.00277493 0.966938 68.1958 9.17441e-05 


4.66823 0.994823 0.00485676 0.0317207 0.989991 




4.66825 0.00277492 0.966938 68.1958 9.17441e-05 


4.66825 0.995073 0.0045966 0.015734 0.9905 




4.66828 0.00277491 0.966938 68.1958 9.17441e-05 


4.66828 0.995347 0.00431743 0.00460318 0.991049 




4.66831 0.00277489 0.966938 68.1958 9.17441e-05 


4.66831 0.995681 0.0039774 0.00548905 0.991721 




4.66836 0.00277485 0.966937 68.1958 9.17441e-05 


4.66836 0.996109 0.00354535 0.0144912 0.992577 




4.66841 0.0027748 0.966937 68.1959 9.17441e-05 


4.66841 0.996445 0.00320646 0.0196526 0.99325 




4.66846 0.00277475 0.966936 68.1959 9.17441e-05 


4.66846 0.996712 0.00293697 0.0227936 0.993785 




4.66852 0.00277467 0.966935 68.1959 9.17441e-05 


4.66852 0.996972 0.00267514 0.0251274 0.994305 




4.66861 0.00277455 0.966934 68.1959 9.17441e-05 


4.66861 0.997294 0.00235185 0.0271178 0.994949 




4.66871 0.00277441 0.966932 68.196 9.17442e-05 


4.66871 0.997532 0.00211252 0.0279943 0.995425 




4.66884 0.00277422 0.96693 68.196 9.17443e-05 


4.66884 0.997761 0.00188298 0.0283744 0.995882 




4.66903 0.00277391 0.966926 68.1959 9.17446e-05 


4.66903 0.99802 0.00162238 0.0282665 0.996401 




4.66923 0.00277357 0.966922 68.1957 9.1745e-05 


4.66923 0.998208 0.0014345 0.0278317 0.996776 




4.66953 0.00277301 0.966915 68.1951 9.17461e-05 


4.66953 0.998418 0.00122313 0.0269781 0.997197 




4.66992 0.00277224 0.966905 68.1937 9.17484e-05 


4.66992 0.998607 0.001034 0.0258769 0.997575 




4.67034 0.00277136 0.966893 68.1912 9.1752e-05 


4.67034 0.998754 0.000887284 0.0247933 0.997868 




4.67113 0.00276966 0.966869 68.184 9.17624e-05 


4.67113 0.998943 0.000699532 0.0230958 0.998244 




4.67191 0.00276785 0.966841 68.1726 9.17782e-05 


4.67191 0.999074 0.000569746 0.0217012 0.998505 




4.67348 0.00276413 0.966779 68.1378 9.18263e-05 


4.67348 0.999249 0.000399634 0.0195546 0.998849 




4.6751 0.00276016 0.966705 68.084 9.19009e-05 


4.6751 0.999371 0.00028616 0.0178552 0.999085 




4.67823 0.00275254 0.966534 67.9324 9.21163e-05 


4.67823 0.999527 0.000163222 0.0154127 0.999363 




4.68207 0.00274358 0.966283 67.6717 9.25066e-05 


4.68207 0.999653 0.000137048 0.0131958 0.999516 




4.68832 0.00273086 0.965797 67.1281 9.34024e-05 


4.68832 0.999795 0.000222102 0.0104754 0.999573 




4.69863 0.00271689 0.964897 66.126 9.53704e-05 


4.69863 0.999957 0.000368955 0.00701701 0.999588 




4.71638 0.00271786 0.963602 64.7741 9.8924e-05 


4.71638 1.00018 0.000588079 0.00236468 0.999593 




4.73251 0.00274687 0.963174 64.173 0.000101156 


4.73251 1.00043 0.000832155 0.00656452 0.999593 




4.73995 0.00276718 0.9632 64.0378 0.000101832 


4.73995 1.00062 0.00103024 0.013318 0.999593 




4.74354 0.00277728 0.963249 64.0004 0.000102069 


4.74354 1.0008 0.00120933 0.0206384 0.999593 




4.74531 0.0027818 0.96328 63.9905 0.000102149 


4.74531 1.00096 0.00136616 0.0283198 0.999592 




4.74626 0.0027839 0.963297 63.988 0.000102178 


4.74626 1.0011 0.00150348 0.0365504 0.999591 




4.74687 0.002785 0.963307 63.9875 0.00010219 


4.74687 1.00122 0.0016336 0.0467292 0.999587 




4.74724 0.00278552 0.963313 63.9875 0.000102194 


4.74724 1.00132 0.00173479 0.058787 0.999579 




4.74744 0.00278572 0.963315 63.9876 0.000102195 


4.74744 1.00135 0.00177887 0.0700052 0.999564 




4.74759 0.00278582 0.963316 63.9877 0.000102195 


4.74759 1.00129 0.00176271 0.0845682 0.999527 




4.74769 0.00278584 0.963316 63.9878 0.000102195 


4.74769 1.0011 0.00165482 0.0994193 0.999445 




4.74778 0.00278583 0.963316 63.9879 0.000102196 


4.74778 1.00038 0.00136219 0.120255 0.999016 




4.74784 0.00278581 0.963316 63.9879 0.000102196 


4.74784 0.99916 0.00161357 0.126707 0.997548 




4.74787 0.0027858 0.963316 63.9879 0.000102196 


4.74787 0.998243 0.0022258 0.119614 0.996021 




4.74789 0.00278579 0.963315 63.9879 0.000102196 


4.74789 0.997357 0.00292694 0.103376 0.994437 




4.74792 0.00278579 0.963315 63.9879 0.000102196 


4.74792 0.996552 0.00357184 0.0758487 0.992992 




4.74795 0.0027858 0.963316 63.9879 0.000102196 


4.74795 0.996199 0.00382244 0.0527458 0.992391 




4.74797 0.00278581 0.963316 63.9879 0.000102196 


4.74797 0.996082 0.00386132 0.033586 0.992236 




4.74801 0.00278582 0.963316 63.9879 0.000102196 


4.74801 0.996136 0.00372874 0.0141899 0.992421 




4.74805 0.00278584 0.963316 63.9879 0.000102196 


4.74805 0.996364 0.00343014 0.00232359 0.992946 




4.7481 0.00278585 0.963316 63.9879 0.000102196 


4.7481 0.99661 0.00314015 0.0115845 0.993481 




4.74815 0.00278586 0.963316 63.988 0.000102196 


4.74815 0.99683 0.00289148 0.0170983 0.993948 




4.7482 0.00278587 0.963316 63.9881 0.000102196 


4.7482 0.997019 0.00268283 0.0205614 0.994344 




4.74828 0.00278587 0.963316 63.9882 0.000102195 


4.74828 0.997258 0.00242197 0.0237391 0.994843 




4.74837 0.00278585 0.963316 63.9885 0.000102195 


4.74837 0.997497 0.00216495 0.0258366 0.995338 




4.74847 0.00278581 0.963316 63.9889 0.000102195 


4.74847 0.997682 0.00196758 0.0268443 0.995719 




4.74862 0.00278574 0.963315 63.9896 0.000102194 


4.74862 0.997893 0.00174528 0.0274123 0.996151 




4.74881 0.0027856 0.963314 63.9908 0.000102191 


4.74881 0.998101 0.00152624 0.027424 0.996578 




4.74901 0.00278542 0.963313 63.9925 0.000102188 


4.74901 0.998257 0.00136362 0.0270969 0.996896 




4.74936 0.00278503 0.963311 63.9964 0.00010218 


4.74936 0.998461 0.0011513 0.0262514 0.997312 




4.74975 0.0027845 0.963309 64.0021 0.000102167 


4.74975 0.99862 0.000986641 0.0252733 0.997635 




4.75029 0.00278366 0.963306 64.0123 0.000102142 


4.75029 0.998778 0.000824662 0.024036 0.997954 




4.75107 0.00278226 0.963306 64.0317 0.000102092 


4.75107 0.998936 0.000661986 0.022515 0.998275 




4.75198 0.00278045 0.963312 64.0608 0.00010201 


4.75198 0.999065 0.000530083 0.0210718 0.998535 




4.75354 0.00277701 0.963338 64.1271 0.000101811 


4.75354 0.999217 0.000374791 0.0191224 0.998842 




4.75543 0.00277256 0.963401 64.2332 0.000101472 


4.75543 0.999341 0.000248303 0.0173224 0.999093 




4.75856 0.00276497 0.963589 64.4669 0.000100675 


4.75856 0.99948 0.000109364 0.0150873 0.999371 




4.76302 0.00275438 0.964043 64.9176 9.90396e-05 


4.76302 0.999612 4.37923e-05 0.0127263 0.999568 




4.76927 0.00274126 0.965035 65.7555 9.5849e-05 


4.76927 0.999739 0.000162823 0.0102263 0.999576 




4.78009 0.00272521 0.967561 67.6771 8.84018e-05 


4.78009 0.999895 0.000320848 0.0068774 0.999574 




4.79884 0.00271935 0.972903 71.7026 7.36859e-05 


4.79884 1.00011 0.000544156 0.00304807 0.999569 




4.81396 0.00273292 0.976221 74.2313 6.49863e-05 


4.81396 1.00033 0.000767243 0.00750451 0.999563 




4.82096 0.00274378 0.977037 74.7593 6.30066e-05 


4.82096 1.00051 0.000952916 0.0141402 0.999558 




4.82412 0.00274947 0.977226 74.8477 6.26156e-05 


4.82412 1.00067 0.00111182 0.0208514 0.999554 




4.82581 0.00275264 0.977285 74.8646 6.25265e-05 


4.82581 1.00082 0.00126612 0.0283619 0.999552 




4.8267 0.0027543 0.977305 74.8675 6.25077e-05 


4.8267 1.00096 0.00140586 0.0362258 0.999553 




4.82726 0.00275532 0.977315 74.8679 6.25036e-05 


4.82726 1.00111 0.00154872 0.045709 0.999555 




4.82761 0.00275591 0.97732 74.868 6.25032e-05 


4.82761 1.00125 0.001685 0.056881 0.999562 




4.8278 0.00275622 0.977323 74.868 6.25034e-05 


4.8278 1.00136 0.00179085 0.0682114 0.999571 




4.82794 0.00275641 0.977324 74.868 6.25036e-05 


4.82794 1.00147 0.00187814 0.0819729 0.999585 




4.82804 0.00275653 0.977325 74.868 6.25038e-05 


4.82804 1.00153 0.00192489 0.0988994 0.999605 




4.82809 0.00275659 0.977326 74.868 6.25039e-05 


4.82809 1.00153 0.00190588 0.114943 0.999623 




4.82814 0.00275662 0.977326 74.868 6.25039e-05 


4.82814 1.00142 0.00177444 0.136368 0.999639 




4.82818 0.00275663 0.977326 74.868 6.25039e-05 


4.82818 1.00109 0.00148515 0.158555 0.9996 




4.8282 0.00275663 0.977326 74.868 6.25039e-05 


4.8282 1.00048 0.00117724 0.175605 0.999301 




4.82822 0.00275663 0.977326 74.868 6.25039e-05 


4.82822 0.99959 0.00139688 0.181036 0.998193 




4.82823 0.00275662 0.977326 74.868 6.25039e-05 


4.82823 0.99874 0.0020541 0.173277 0.996689 




4.82825 0.00275662 0.977326 74.868 6.25039e-05 


4.82825 0.997728 0.00297146 0.148712 0.994764 




4.82826 0.00275661 0.977326 74.868 6.25039e-05 


4.82826 0.997009 0.00361192 0.116604 0.993408 




4.82827 0.00275661 0.977326 74.868 6.25039e-05 


4.82827 0.996594 0.00393496 0.0843644 0.992672 




4.82828 0.00275661 0.977326 74.868 6.25039e-05 


4.82828 0.996428 0.00400755 0.0576709 0.992435 




4.8283 0.00275661 0.977326 74.868 6.25039e-05 


4.8283 0.996413 0.00393338 0.0362395 0.992493 




4.82832 0.00275662 0.977326 74.868 6.25039e-05 


4.82832 0.996564 0.00365288 0.010864 0.992923 




4.82834 0.00275664 0.977326 74.868 6.25039e-05 


4.82834 0.996767 0.0033595 0.00353815 0.993418 




4.82837 0.00275666 0.977326 74.868 6.25039e-05 


4.82837 0.996957 0.00310396 0.0120085 0.993863 




4.82839 0.00275668 0.977326 74.868 6.2504e-05 


4.82839 0.997124 0.00288875 0.0174478 0.994243 




4.82842 0.0027567 0.977327 74.8681 6.2504e-05 


4.82842 0.997267 0.0027074 0.0210886 0.994567 




4.82846 0.00275674 0.977327 74.8681 6.2504e-05 


4.82846 0.997477 0.00244783 0.0250695 0.995036 




4.82851 0.00275679 0.977327 74.8682 6.2504e-05 


4.82851 0.997662 0.00222398 0.0275084 0.995443 




4.82856 0.00275684 0.977328 74.8683 6.2504e-05 


4.82856 0.997808 0.00204818 0.028853 0.995765 




4.82863 0.0027569 0.977328 74.8685 6.25039e-05 


4.82863 0.997972 0.00185438 0.0298013 0.996121 




4.82873 0.00275699 0.977329 74.869 6.25037e-05 


4.82873 0.998147 0.00164879 0.0302331 0.996501 




4.82882 0.00275708 0.97733 74.8695 6.25033e-05 


4.82882 0.99828 0.00149397 0.0301858 0.996789 




4.82897 0.00275721 0.977331 74.8707 6.25024e-05 


4.82897 0.998434 0.00131644 0.0297503 0.997119 




4.82917 0.00275736 0.977333 74.8727 6.25004e-05 


4.82917 0.99858 0.00114875 0.0289713 0.997433 




4.82936 0.0027575 0.977335 74.8754 6.24974e-05 


4.82936 0.99869 0.00102419 0.0281633 0.997667 




4.82973 0.00275772 0.97734 74.882 6.24891e-05 


4.82973 0.998837 0.000857364 0.0267734 0.997981 




4.83012 0.00275792 0.977347 74.8917 6.24755e-05 


4.83012 0.998949 0.000731319 0.0254868 0.998219 




4.83071 0.00275817 0.97736 74.9118 6.24444e-05 


4.83071 0.999071 0.000595253 0.0238634 0.998476 




4.8315 0.00275838 0.977384 74.9476 6.23834e-05 


4.8315 0.999181 0.000472674 0.0221845 0.998709 




4.83254 0.00275854 0.977429 75.013 6.22625e-05 


4.83254 0.999284 0.000359245 0.0204368 0.998925 




4.83411 0.00275855 0.977527 75.1474 6.19934e-05 


4.83411 0.999389 0.000244892 0.018464 0.999144 




4.8362 0.00275829 0.977719 75.3955 6.14582e-05 


4.8362 0.999484 0.000144193 0.0164946 0.99934 




4.83932 0.00275752 0.978139 75.9063 6.02825e-05 


4.83932 0.99958 6.25486e-05 0.0143221 0.999517 




4.84417 0.00275588 0.979095 77.0149 5.76122e-05 


4.84417 0.999679 0.000101936 0.011871 0.999577 




4.85042 0.0027535 0.980789 78.9826 5.28962e-05 


4.85042 0.999766 0.000191123 0.00951565 0.999575 




4.86248 0.00274883 0.984857 84.3838 4.16259e-05 


4.86248 0.999881 0.000320259 0.00616523 0.999561 




4.88336 0.00273845 0.991003 97.5148 2.46371e-05 


4.88336 1.00003 0.000501279 0.00414467 0.99953 




4.89711 0.00272721 0.993107 105.332 1.87999e-05 


4.89711 1.00014 0.000650266 0.00880804 0.99949 




4.90386 0.00272069 0.993587 107.418 1.74466e-05 


4.90386 1.00022 0.000777793 0.0146373 0.999446 




4.90717 0.00271781 0.993702 107.885 1.71174e-05 


4.90717 1.00029 0.000897064 0.0209428 0.999397 




4.90879 0.00271671 0.99373 107.988 1.70347e-05 


4.90879 1.00035 0.00100627 0.0274096 0.999346 




4.90971 0.00271627 0.993738 108.016 1.70098e-05 


4.90971 1.00041 0.00111535 0.0346113 0.99929 




4.91025 0.00271612 0.99374 108.024 1.70019e-05 


4.91025 1.00045 0.00122619 0.0428444 0.999225 




4.91058 0.00271608 0.993741 108.026 1.69993e-05 


4.91058 1.00049 0.00133997 0.052524 0.99915 




4.91077 0.00271608 0.993742 108.026 1.69985e-05 


4.91077 1.00051 0.00144816 0.0633022 0.999066 




4.91088 0.0027161 0.993742 108.027 1.69982e-05 


4.91088 1.00052 0.0015408 0.0743001 0.99898 




4.91096 0.00271612 0.993742 108.027 1.69981e-05 


4.91096 1.00051 0.00163245 0.0877132 0.998873 




4.91101 0.00271613 0.993742 108.027 1.6998e-05 


4.91101 1.00047 0.00170581 0.101612 0.998758 




4.91105 0.00271614 0.993742 108.027 1.6998e-05 


4.91105 1.00039 0.00176425 0.116729 0.998629 




4.91107 0.00271616 0.993742 108.027 1.6998e-05 


4.91107 1.00027 0.00180974 0.134564 0.998464 




4.91109 0.00271616 0.993742 108.027 1.6998e-05 


4.91109 1.00011 0.00183697 0.15308 0.998274 




4.9111 0.00271617 0.993742 108.027 1.6998e-05 


4.9111 0.999877 0.00185436 0.174209 0.998023 




4.91111 0.00271617 0.993742 108.027 1.6998e-05 


4.91111 0.999606 0.00187197 0.194244 0.997734 




