1 0 0 0 6.28319 0 
1 0 0.00271187 0.210333 6.28319 0 
0 0 0 0 0 0 


0.990806 0.135456 3.64589e-05 -0.848261 6.22528 0.00252806 
0.993527 0.135458 -0.000266227 -0.86677 6.22561 -0.207076 
0 0 0 0 0 0 


0.977173 0.212775 6.19118e-05 -1.33211 6.13933 0.00124995 
0.978583 0.212783 -0.00236497 -1.50595 6.13987 -0.10487 
0 0 0 0 0 0 


0.956163 0.29329 6.28301e-05 -1.83778 6.00694 -0.00112958 
0.955003 0.293302 -0.0024965 -2.02117 6.00674 0.0865001 
0 0 0 0 0 0 


0.916397 0.400752 2.27055e-05 -2.51566 5.75678 -0.00259276 
0.913759 0.400741 0.000645641 -2.46357 5.75461 0.203191 
0 0 0 0 0 0 


0.842452 0.539149 1.08314e-06 -3.38637 5.29222 0.00138461 
0.844034 0.539113 0.00219655 -3.21406 5.29405 -0.121336 
0 0 0 0 0 0 


0.784131 0.620961 3.55794e-05 -3.8974 4.92574 0.00232569 
0.786767 0.620986 -0.000755804 -3.95306 4.93066 -0.198953 
0 0 0 0 0 0 


0.733061 0.680557 5.62991e-05 -4.27001 4.60472 0.000736823 
0.734024 0.680634 -0.00257269 -4.46106 4.60734 -0.0712738 
0 0 0 0 0 0 


0.662333 0.749637 4.53619e-05 -4.70442 4.16019 -0.00201303 
0.660343 0.749699 -0.00187876 -4.84445 4.15542 0.15029 
0 0 0 0 0 0 


0.537005 0.843995 -1.24374e-05 -5.30103 3.37291 -0.00114956 
0.536005 0.843885 0.00246308 -5.10218 3.36887 0.0787417 
0 0 0 0 0 0 


0.449623 0.893613 -5.84157e-06 -5.6118 2.8241 0.00179592 
0.451723 0.893531 0.00169189 -5.47563 2.83156 -0.160686 
0 0 0 0 0 0 


0.378177 0.926126 2.18884e-05 -5.81362 2.37532 0.00225757 
0.380819 0.926167 -0.000747993 -5.86819 2.38598 -0.198633 
0 0 0 0 0 0 


0.304429 0.952936 4.1868e-05 -5.98027 1.91205 0.000679648 
0.305395 0.953081 -0.00256642 -6.17295 1.91674 -0.0712788 
0 0 0 0 0 0 


0.221169 0.975645 3.37508e-05 -6.12323 1.38903 -0.00179979 
0.219463 0.975775 -0.00213485 -6.28397 1.3821 0.129169 
0 0 0 0 0 0 


0.065943 0.998232 -2.59675e-05 -6.26927 0.414132 -0.00149306 
0.0646228 0.998095 0.00228132 -6.08167 0.406986 0.10394 
0 0 0 0 0 0 


-0.0329617 0.999864 -2.50557e-05 -6.27917 -0.206997 0.00152268 
-0.0311304 0.999735 0.00193932 -6.12025 -0.199113 -0.140363 
0 0 0 0 0 0 


-0.111256 0.9942 1.26378e-06 -6.24137 -0.698726 0.00231234 
-0.108538 0.99421 -0.000404887 -6.26772 -0.686273 -0.204229 
0 0 0 0 0 0 


-0.188837 0.982414 2.36773e-05 -6.16549 -1.18603 0.000982318 
-0.187529 0.982551 -0.00243085 -6.34666 -1.17953 -0.0962953 
0 0 0 0 0 0 


-0.266756 0.964163 2.14146e-05 -6.05087 -1.67549 -0.00134824 
-0.267974 0.964313 -0.00245897 -6.23531 -1.67988 0.0927903 
0 0 0 0 0 0 


-0.414175 0.910592 -3.77306e-05 -5.7187 -2.60145 -0.00193908 
-0.415981 0.910508 0.00193193 -5.55978 -2.6095 0.141561 
0 0 0 0 0 0 


-0.520307 0.854398 -4.04721e-05 -5.3658 -3.26801 0.00162012 
-0.518399 0.854293 0.00186628 -5.21297 -3.26239 -0.145778 
0 0 0 0 0 0 


-0.585695 0.810958 -1.3385e-05 -5.09079 -3.67875 0.00233839 
-0.582982 0.810949 -0.000505102 -5.12298 -3.67046 -0.203219 
0 0 0 0 0 0 


-0.647448 0.762523 9.08045e-06 -4.78485 -4.06678 0.000977033 
-0.646186 0.762598 -0.00249233 -4.96642 -4.06257 -0.0921207 
0 0 0 0 0 0 


-0.716242 0.698231 3.52185e-06 -4.38135 -4.49915 -0.00168838 
-0.717876 0.698314 -0.00222871 -4.54515 -4.50193 0.124872 
0 0 0 0 0 0 


-0.795655 0.606113 -4.39251e-05 -3.80625 -4.99819 -0.0023175 
-0.79792 0.606105 0.00139909 -3.69074 -5.00289 0.177399 
0 0 0 0 0 0 


-0.858555 0.513141 -5.87142e-05 -3.22332 -5.39332 0.000890821 
-0.857483 0.51309 0.00242658 -3.02854 -5.39328 -0.0808885 
0 0 0 0 0 0 


-0.89615 0.444213 -3.61728e-05 -2.78857 -5.62955 0.00240566 
-0.893459 0.444177 0.000498842 -2.74347 -5.62741 -0.20242 
0 0 0 0 0 0 


-0.928196 0.372547 -7.70112e-06 -2.33625 -5.83108 0.0018041 
-0.926118 0.37254 -0.00189429 -2.47006 -5.8289 -0.15247 
0 0 0 0 0 0 


-0.954502 0.298585 2.77668e-06 -1.87084 -5.99669 -0.000250745 
-0.954677 0.298601 -0.00281435 -2.0722 -5.99537 0.0152361 
0 0 0 0 0 0 


-0.981576 0.191281 -2.61157e-05 -1.19878 -6.16722 -0.00259514 
-0.984235 0.191307 -0.000547508 -1.23384 -6.16745 0.206955 
0 0 0 0 0 0 


-0.997346 0.0730211 -6.48071e-05 -0.45872 -6.26643 -0.000699566 
-0.998029 0.0730265 0.00254386 -0.254639 -6.26814 0.0554339 
0 0 0 0 0 0 


-0.999999 -0.00545386 -5.82009e-05 0.0348802 -6.28311 0.00165821 
-0.998212 -0.00546902 0.00200171 0.195107 -6.28443 -0.134211 
0 0 0 0 0 0 


-0.996468 -0.0838954 -2.9694e-05 0.529903 -6.26107 0.00254631 
-0.993709 -0.0839175 -0.000297702 0.514905 -6.26074 -0.204813 
0 0 0 0 0 0 


-0.986766 -0.16182 -3.39731e-06 1.02145 -6.20042 0.00137323 
-0.985258 -0.161827 -0.00240142 0.852142 -6.19856 -0.108461 
0 0 0 0 0 0 


-0.963805 -0.266104 -5.0206e-06 1.67667 -6.05664 -0.00155442 
-0.9655 -0.266082 -0.00220763 1.51862 -6.05571 0.130456 
0 0 0 0 0 0 


-0.936649 -0.349758 -3.64992e-05 2.2 -5.88623 -0.00250125 
-0.939288 -0.349743 0.000415802 2.24036 -5.88833 0.208572 
0 0 0 0 0 0 


-0.889743 -0.456047 -6.21342e-05 2.86597 -5.59149 0.000267661 
-0.88952 -0.456083 0.00261966 3.07766 -5.5935 -0.013893 
0 0 0 0 0 0 


-0.851204 -0.524462 -4.46484e-05 3.29729 -5.34933 0.00230584 
-0.848824 -0.5245 0.00130797 3.40462 -5.34734 -0.177823 
0 0 0 0 0 0 


-0.807391 -0.589642 -1.27503e-05 3.70929 -5.07414 0.00242995 
-0.804837 -0.589633 -0.00115689 3.62968 -5.06907 -0.186765 
0 0 0 0 0 0 


-0.758571 -0.651185 8.326e-06 4.09759 -4.76756 0.00072907 
-0.757875 -0.651115 -0.00273166 3.90152 -4.76397 -0.0479402 
0 0 0 0 0 0 


-0.674925 -0.737444 -9.25071e-06 4.63842 -4.24213 -0.00225144 
-0.677418 -0.737391 -0.00108106 4.56221 -4.24791 0.194949 
0 0 0 0 0 0 


-0.593664 -0.804284 -4.57523e-05 5.05559 -3.73141 -0.00138128 
-0.59521 -0.804359 0.00209608 5.23118 -3.73847 0.125607 
0 0 0 0 0 0 


-0.517328 -0.855383 -4.49635e-05 5.37679 -3.25157 0.00148878 
-0.515904 -0.855497 0.00223941 5.56015 -3.24886 -0.105996 
0 0 0 0 0 0 


-0.448579 -0.893347 -1.66239e-05 5.61752 -2.81948 0.00270238 
-0.445815 -0.893375 0.000130478 5.63409 -2.80957 -0.203652 
0 0 0 0 0 0 


-0.377034 -0.925797 1.35919e-05 5.82363 -2.36988 0.00181299 
-0.375207 -0.925698 -0.00212294 5.66946 -2.36099 -0.131057 
0 0 0 0 0 0 


-0.275307 -0.960941 1.96229e-05 6.04486 -1.73057 -0.00118018 
-0.27674 -0.960791 -0.00233554 5.87094 -1.7348 0.11199 
0 0 0 0 0 0 


-0.188965 -0.981566 -8.71799e-06 6.17217 -1.18785 -0.00240097 
-0.191622 -0.981549 0.000194282 6.19409 -1.2007 0.211225 
0 0 0 0 0 0 


-0.0800533 -0.996377 -3.47787e-05 6.26295 -0.503183 1.43489e-05 
-0.0802026 -0.996537 0.00260076 6.47902 -0.506903 0.0158368 
0 0 0 0 0 0 


-0.00159562 -0.999586 -1.9493e-05 6.28418 -0.00998253 0.00223185 
0.000603362 -0.999713 0.00157556 6.41386 -0.00160825 -0.163726 
0 0 0 0 0 0 


0.0768947 -0.996626 1.2991e-05 6.26785 0.483375 0.00259712 
0.0795562 -0.996611 -0.000842675 6.20914 0.495909 -0.193364 
0 0 0 0 0 0 


0.154937 -0.987514 3.72434e-05 6.21216 0.973868 0.00103659 
0.155907 -0.987371 -0.00259545 6.02011 0.980405 -0.0671174 
0 0 0 0 0 0 


0.266281 -0.963494 2.65244e-05 6.0601 1.67367 -0.00201744 
0.263995 -0.963375 -0.00142525 5.95237 1.66495 0.179851 
0 0 0 0 0 0 


0.350699 -0.936088 -5.74171e-06 5.88502 2.20431 -0.00201812 
0.348474 -0.936126 0.00141734 6.00333 2.19307 0.179438 
0 0 0 0 0 0 


0.43939 -0.897881 -1.69834e-05 5.64368 2.76183 0.000779047 
0.44006 -0.89802 0.00256862 5.85225 2.76123 -0.047786 
0 0 0 0 0 0 


0.508516 -0.860623 5.55571e-06 5.41102 3.19632 0.0025425 
0.511108 -0.860713 0.000930545 5.48745 3.20382 -0.191259 
0 0 0 0 0 0 


0.574529 -0.818054 3.78002e-05 5.14561 3.61116 0.00226584 
0.576892 -0.818038 -0.00150216 5.03743 3.61947 -0.169577 
0 0 0 0 0 0 


0.640648 -0.767425 5.54657e-05 4.82844 4.02654 0.000211638 
0.640771 -0.76733 -0.0027538 4.62536 4.0295 -0.0040533 
0 0 0 0 0 0 


0.715626 -0.698107 3.61693e-05 4.39107 4.49755 -0.00229255 
0.713136 -0.69803 -0.000987495 4.31686 4.49286 0.197607 
0 0 0 0 0 0 


0.784564 -0.619662 -5.29e-07 3.89488 4.93076 -0.00140375 
0.783047 -0.619683 0.00217211 4.0704 4.92529 0.124273 
0 0 0 0 0 0 


0.830775 -0.55618 -3.02261e-06 3.49555 5.2212 0.00103305 
0.831801 -0.556246 0.0024995 3.69311 5.21961 -0.0741911 
0 0 0 0 0 0 


0.871871 -0.489267 2.12512e-05 3.07671 5.47941 0.0025469 
0.874576 -0.489328 0.000644847 3.12918 5.48143 -0.19795 
0 0 0 0 0 0 


0.907615 -0.419336 5.18987e-05 2.6393 5.70382 0.00202455 
0.909824 -0.41936 -0.00174065 2.51535 5.70729 -0.156834 
0 0 0 0 0 0 


0.942602 -0.333524 6.52808e-05 2.10087 5.92328 -0.000378422 
0.942186 -0.3335 -0.00272985 1.9025 5.92609 0.0363386 
0 0 0 0 0 0 


0.969103 -0.246372 4.27307e-05 1.55147 6.08947 -0.00245202 
0.966564 -0.246323 -0.000831525 1.49029 6.08973 0.202819 
0 0 0 0 0 0 


0.988614 -0.150189 6.50914e-06 0.944175 6.21194 -0.00154139 
0.987073 -0.150165 0.00215534 1.11781 6.20892 0.127415 
0 0 0 0 0 0 


0.997352 -0.0721569 2.23653e-06 0.45354 6.26685 0.000888347 
0.998343 -0.0721745 0.00252513 0.651676 6.26357 -0.0707254 
0 0 0 0 0 0 


0.99995 0.00632049 2.47954e-05 -0.0378351 6.28307 0.00242387 
1.00265 0.00627473 0.000704923 0.0188171 6.28219 -0.196436 
0 0 0 0 0 0 


0.996409 0.0847584 5.42174e-05 -0.528524 6.26055 0.00195512 
0.998678 0.084722 -0.00168791 -0.646975 6.26282 -0.159807 
0 0 0 0 0 0 


0.983519 0.181242 6.67392e-05 -1.13373 6.1791 -0.00052394 
0.983069 0.181256 -0.00273735 -1.33035 6.18258 0.0393483 
0 0 0 0 0 0 


0.964066 0.26618 4.38481e-05 -1.6689 6.05655 -0.00253229 
0.961567 0.266225 -0.000936096 -1.73676 6.05678 0.200582 
0 0 0 0 0 0 


0.93393 0.357915 5.894e-06 -2.24803 5.86713 -0.0017572 
0.932303 0.357923 0.00205639 -2.07853 5.86281 0.136234 
0 0 0 0 0 0 


0.902976 0.430076 -9.75679e-07 -2.70168 5.67268 0.00070452 
0.903889 0.430033 0.00252885 -2.49952 5.66967 -0.0643963 
0 0 0 0 0 0 


0.866467 0.499586 1.96427e-05 -3.13655 5.44324 0.00229508 
0.869153 0.499535 0.000759707 -3.07429 5.44526 -0.194412 
0 0 0 0 0 0 


0.824645 0.566017 4.78104e-05 -3.55163 5.18031 0.0018845 
0.826966 0.566019 -0.00163539 -3.66578 5.18603 -0.162288 
0 0 0 0 0 0 


0.764777 0.644707 5.9461e-05 -4.04479 4.8039 -0.000607065 
0.764352 0.644789 -0.00274171 -4.24246 4.80691 0.0381839 
0 0 0 0 0 0 


0.711907 0.702709 3.88661e-05 -4.41036 4.47163 -0.00250914 
0.709528 0.702785 -0.00121711 -4.49911 4.46736 0.191267 
0 0 0 0 0 0 


0.645075 0.764547 5.2071e-07 -4.80153 4.05182 -0.00218017 
0.643131 0.764514 0.00170749 -4.65504 4.04286 0.163567 
0 0 0 0 0 0 


0.579288 0.815526 -1.20428e-05 -5.12241 3.63864 0.000409412 
0.579978 0.815409 0.00254666 -4.91201 3.6364 -0.0470594 
0 0 0 0 0 0 


0.513548 0.85845 5.84423e-06 -5.3903 3.22569 0.00215652 
0.516169 0.858366 0.000919447 -5.31321 3.23287 -0.189304 
0 0 0 0 0 0 


0.444671 0.896085 3.32643e-05 -5.62441 2.79298 0.00189821 
0.447096 0.896123 -0.0014885 -5.72794 2.80366 -0.169022 
0 0 0 0 0 0 


0.348192 0.93783 4.52969e-05 -5.88535 2.18685 -0.000711438 
0.34773 0.937992 -0.00272509 -6.08442 2.18877 0.0416461 
0 0 0 0 0 0 


0.273622 0.96225 2.34075e-05 -6.04007 1.71846 -0.00259783 
0.271221 0.962364 -0.0011545 -6.12442 1.70903 0.194029 
0 0 0 0 0 0 


0.188093 0.982562 -1.43883e-05 -6.1704 1.18135 -0.0022338 
0.18615 0.9825 0.00167487 -6.02367 1.16837 0.164197 
0 0 0 0 0 0 


0.104208 0.994962 -2.7377e-05 -6.24902 0.654552 0.000435921 
0.104967 0.994792 0.00249938 -6.03879 0.6532 -0.052262 
0 0 0 0 0 0 


0.0258636 1.00007 -9.34041e-06 -6.27941 0.162501 0.00214271 
0.0285152 0.999963 0.000825863 -6.20747 0.172622 -0.190598 
0 0 0 0 0 0 


-0.052614 0.999021 1.75529e-05 -6.27063 -0.330439 0.0018327 
-0.0502248 0.999064 -0.00156548 -6.37893 -0.318003 -0.165469 
0 0 0 0 0 0 


-0.149394 0.98918 2.90437e-05 -6.20772 -0.938373 -0.000577143 
-0.149687 0.989354 -0.00275896 -6.40939 -0.935747 0.0298959 
0 0 0 0 0 0 


-0.226457 0.974417 8.4726e-06 -6.11633 -1.42241 -0.00253898 
-0.228784 0.974551 -0.0013019 -6.21226 -1.43123 0.189056 
0 0 0 0 0 0 


-0.311867 0.950522 -2.9853e-05 -5.96915 -1.95879 -0.00230973 
-0.313891 0.950486 0.0015707 -5.83121 -1.97137 0.170894 
0 0 0 0 0 0 


-0.389074 0.921615 -4.44376e-05 -5.78857 -2.44366 0.000237868 
-0.388531 0.921467 0.00254263 -5.57516 -2.44679 -0.0349678 
0 0 0 0 0 0 


-0.460151 0.888262 -2.81237e-05 -5.57763 -2.89009 0.00208894 
-0.457581 0.888141 0.00102839 -5.48948 -2.88338 -0.184338 
0 0 0 0 0 0 


-0.528369 0.849437 -6.59791e-07 -5.33167 -3.31865 0.00197363 
-0.525847 0.849426 -0.00138132 -5.4239 -3.30913 -0.174336 
0 0 0 0 0 0 


-0.613335 0.790222 1.40091e-05 -4.95854 -3.85257 -0.000470673 
-0.613548 0.79033 -0.00280014 -5.15934 -3.84898 0.0246652 
0 0 0 0 0 0 


-0.67337 0.739681 -5.28479e-06 -4.64239 -4.22981 -0.00245839 
-0.675648 0.739788 -0.00140029 -4.7441 -4.2335 0.186529 
0 0 0 0 0 0 


-0.739411 0.673629 -4.48252e-05 -4.23057 -4.64469 -0.00221482 
-0.741383 0.673639 0.00162329 -4.08881 -4.65255 0.167927 
0 0 0 0 0 0 


-0.79045 0.612934 -5.81138e-05 -3.85027 -4.96527 0.000238122 
-0.78996 0.612862 0.00256129 -3.63803 -4.96965 -0.0297252 
0 0 0 0 0 0 


-0.836087 0.549043 -4.16988e-05 -3.44757 -5.25199 0.00212023 
-0.833543 0.548951 0.00110793 -3.3539 -5.25103 -0.18109 
0 0 0 0 0 0 


-0.876548 0.481769 -1.33131e-05 -3.02289 -5.50635 0.00209357 
-0.873956 0.481712 -0.00130111 -3.10617 -5.50209 -0.177783 
0 0 0 0 0 0 


-0.919473 0.393552 4.56188e-06 -2.4674 -5.7764 -6.77417e-05 
-0.919323 0.39357 -0.00286547 -2.66552 -5.77173 -0.00120808 
0 0 0 0 0 0 


-0.948453 0.317231 -1.09504e-05 -1.98896 -5.95879 -0.00220894 
-0.950564 0.317295 -0.00168762 -2.10888 -5.95681 0.173527 
0 0 0 0 0 0 


-0.971695 0.236507 -4.58121e-05 -1.48453 -6.10496 -0.00249218 
-0.974004 0.236565 0.00107314 -1.38577 -6.10796 0.197844 
0 0 0 0 0 0 


-0.988232 0.153339 -6.49342e-05 -0.963469 -6.20886 -8.24333e-05 
-0.988156 0.153334 0.00257731 -0.74781 -6.21425 0.00407702 
0 0 0 0 0 0 


-0.997212 0.0753349 -5.13289e-05 -0.472235 -6.26533 0.00202868 
-0.994871 0.0752742 0.00145106 -0.351606 -6.26831 -0.165597 
0 0 0 0 0 0 


-1.00002 -0.00313379 -2.20574e-05 0.0229216 -6.28321 0.00232343 
-0.997261 -0.00320427 -0.000927507 -0.0312574 -6.28173 -0.188135 
0 0 0 0 0 0 


-0.996105 -0.0878445 5.90142e-07 0.556765 -6.25899 0.000793843 
-0.995075 -0.0878684 -0.00275131 0.373901 -6.25408 -0.0627876 
0 0 0 0 0 0 


-0.982912 -0.183517 -7.24563e-06 1.1575 -6.17654 -0.00178994 
-0.984706 -0.183467 -0.00208076 1.01208 -6.17305 0.148128 
0 0 0 0 0 0 


-0.965441 -0.260078 -3.73078e-05 1.6363 -6.06693 -0.00262493 
-0.967957 -0.260019 0.000401729 1.68297 -6.06922 0.217066 
0 0 0 0 0 0 


-0.938575 -0.344637 -6.22072e-05 2.16567 -5.8981 -0.000464453 
-0.93897 -0.344646 0.00249165 2.38185 -5.90426 0.0435135 
0 0 0 0 0 0 


-0.908634 -0.417224 -5.20916e-05 2.62274 -5.70997 0.00188863 
-0.906565 -0.417293 0.00175372 2.77015 -5.71227 -0.145851 
0 0 0 0 0 0 


-0.873069 -0.487239 -2.25925e-05 3.06493 -5.48664 0.00249528 
-0.870211 -0.487297 -0.00053912 3.03962 -5.48273 -0.193797 
0 0 0 0 0 0 


-0.832092 -0.554249 2.93183e-06 3.48782 -5.2294 0.00135766 
-0.8305 -0.554233 -0.00249536 3.32455 -5.22249 -0.100503 
0 0 0 0 0 0 


-0.771672 -0.635584 3.77611e-06 3.99916 -4.85001 -0.00132019 
-0.773074 -0.635485 -0.00239973 3.8317 -4.84828 0.117791 
0 0 0 0 0 0 


-0.719365 -0.694185 -2.26605e-05 4.36546 -4.52135 -0.00258404 
-0.721922 -0.694119 -0.000116369 4.37079 -4.52845 0.22116 
0 0 0 0 0 0 


-0.655563 -0.754716 -5.06463e-05 4.74352 -4.1203 -0.000861874 
-0.656409 -0.75478 0.00232377 4.95379 -4.12929 0.0826993 
0 0 0 0 0 0 


-0.594307 -0.803838 -4.4511e-05 5.05285 -3.73528 0.00169766 
-0.592542 -0.803964 0.00199323 5.22403 -3.73511 -0.123786 
0 0 0 0 0 0 


-0.529365 -0.848002 -1.55646e-05 5.33259 -3.32718 0.0025911 
-0.526479 -0.848064 -0.000175089 5.33369 -3.31821 -0.195403 
0 0 0 0 0 0 


-0.46113 -0.886932 1.25974e-05 5.5792 -2.89844 0.00166447 
-0.459246 -0.886863 -0.002271 5.42965 -2.88786 -0.119679 
0 0 0 0 0 0 


-0.367484 -0.929614 1.88309e-05 5.84793 -2.30997 -0.00102637 
-0.368628 -0.929441 -0.00252176 5.66881 -2.30997 0.0990075 
0 0 0 0 0 0 


-0.293336 -0.955589 -5.06055e-06 6.00931 -1.84388 -0.00250746 
-0.295873 -0.955495 -0.000385287 5.99092 -1.85602 0.219417 
0 0 0 0 0 0 


-0.2082 -0.97767 -3.43024e-05 6.14547 -1.30864 -0.00106942 
-0.209279 -0.977774 0.00221447 6.34872 -1.32102 0.103313 
0 0 0 0 0 0 


-0.130819 -0.990995 -3.05357e-05 6.22951 -0.822211 0.00156402 
-0.129239 -0.991174 0.00211954 6.41264 -0.821106 -0.109768 
0 0 0 0 0 0 


-0.0526148 -0.998204 -2.27324e-06 6.27687 -0.330664 0.00261393 
-0.0497314 -0.998295 4.26243e-05 6.29317 -0.319151 -0.194688 
0 0 0 0 0 0 


0.0259404 -0.999253 2.70092e-05 6.28536 0.163043 0.00181107 
0.0279809 -0.999184 -0.00211603 6.14471 0.175369 -0.129639 
0 0 0 0 0 0 


0.128553 -0.991296 3.60734e-05 6.23587 0.807952 -0.000863162 
0.127585 -0.991106 -0.00257178 6.04996 0.808495 0.0868376 
0 0 0 0 0 0 


0.206015 -0.978146 1.34888e-05 6.15133 1.29488 -0.00248099 
0.203509 -0.97803 -0.00053221 6.11789 1.28312 0.217658 
0 0 0 0 0 0 


0.2897 -0.956711 -1.65412e-05 6.01379 1.821 -0.00129019 
0.288417 -0.956787 0.00212744 6.20643 1.80799 0.120835 
0 0 0 0 0 0 


0.363898 -0.93102 -1.57989e-05 5.85225 2.28742 0.00134753 
0.365271 -0.931191 0.00226879 6.04488 2.28614 -0.0932582 
0 0 0 0 0 0 


0.435864 -0.899584 1.07957e-05 5.65651 2.73973 0.00257263 
0.438729 -0.899704 0.000310035 5.69104 2.748 -0.193026 
0 0 0 0 0 0 


0.505166 -0.862597 4.06588e-05 5.42589 3.17521 0.00193773 
0.507403 -0.862594 -0.00192077 5.29979 3.18537 -0.142233 
0 0 0 0 0 0 


0.591828 -0.805663 5.28272e-05 5.06871 3.71969 -0.000662212 
0.591129 -0.805536 -0.00267132 4.8773 3.72311 0.0673878 
0 0 0 0 0 0 


0.653287 -0.756728 3.19025e-05 4.7594 4.10587 -0.00246517 
0.650856 -0.756612 -0.000809684 4.70218 4.10057 0.212594 
0 0 0 0 0 0 


0.716736 -0.696954 -6.11631e-07 4.38074 4.50467 -0.00158914 
0.715238 -0.696957 0.0019962 4.55943 4.49481 0.140614 
0 0 0 0 0 0 


0.769223 -0.638554 -4.00672e-06 4.01333 4.83457 0.0010354 
0.770347 -0.638654 0.00241371 4.21454 4.82975 -0.0729709 
0 0 0 0 0 0 


0.816975 -0.576214 1.98056e-05 3.62322 5.13461 0.00245453 
0.819794 -0.576332 0.000614553 3.67892 5.13636 -0.188981 
0 0 0 0 0 0 


0.859711 -0.510321 4.95288e-05 3.21098 5.40297 0.00202907 
0.862172 -0.510389 -0.00167705 3.10505 5.40851 -0.155646 
0 0 0 0 0 0 


0.910608 -0.412876 6.46456e-05 2.59952 5.72238 -0.000548227 
0.910132 -0.412837 -0.00276358 2.40787 5.72807 0.0514474 
0 0 0 0 0 0 


0.940254 -0.340146 4.4771e-05 2.14099 5.90841 -0.00246701 
0.937922 -0.340059 -0.00107342 2.06465 5.90979 0.205631 
0 0 0 0 0 0 


0.964072 -0.265317 1.26294e-05 1.66799 6.05802 -0.00213112 
0.962192 -0.265256 0.00159466 1.81523 6.05259 0.177147 
0 0 0 0 0 0 


0.981919 -0.188851 1.59899e-06 1.18663 6.17019 0.000469244 
0.982565 -0.188877 0.00253655 1.40173 6.16306 -0.0347892 
0 0 0 0 0 0 


0.993717 -0.111221 2.03462e-05 0.700344 6.24423 0.00222406 
0.996383 -0.111314 0.00105004 0.789388 6.2413 -0.178249 
0 0 0 0 0 0 


0.999412 -0.0329061 4.9269e-05 0.210242 6.27975 0.00212122 
1.00214 -0.0330001 -0.0012773 0.135489 6.28231 -0.171256 
0 0 0 0 0 0 


0.997123 0.0761834 6.91897e-05 -0.473769 6.26484 -0.000109077 
0.997272 0.0761791 -0.00289734 -0.664535 6.27153 0.00753015 
0 0 0 0 0 0 


0.988131 0.154179 5.45118e-05 -0.964625 6.20802 -0.00218679 
0.986152 0.154248 -0.00173306 -1.0869 6.21202 0.174498 
0 0 0 0 0 0 


0.973024 0.231225 2.09976e-05 -1.45131 6.11299 -0.00267471 
0.970791 0.231296 0.000940481 -1.35483 6.10888 0.212707 
0 0 0 0 0 0 


0.95189 0.306846 8.73597e-07 -1.92793 5.98025 -0.000253174 
0.951934 0.306831 0.00251311 -1.70204 5.97224 0.0152702 
0 0 0 0 0 0 


0.924888 0.380577 1.30462e-05 -2.38982 5.81056 0.0019054 
0.927288 0.380488 0.00145379 -2.26508 5.80772 -0.160828 
0 0 0 0 0 0 


0.892209 0.451961 4.02465e-05 -2.83616 5.60505 0.00214795 
0.895116 0.451882 -0.000838202 -2.8779 5.6093 -0.181691 
0 0 0 0 0 0 


0.845786 0.533907 6.27677e-05 -3.34923 5.31306 0.000608516 
0.846927 0.53393 -0.00278863 -3.524 5.32101 -0.0583994 
0 0 0 0 0 0 


0.795691 0.606132 5.54858e-05 -3.803 4.99809 -0.00169919 
0.79428 0.606241 -0.00233504 -3.96356 5.00105 0.127294 
0 0 0 0 0 0 


0.745739 0.666678 2.40159e-05 -4.18548 4.68425 -0.00298429 
0.743311 0.666759 7.82668e-05 -4.16049 4.6765 0.230358 
0 0 0 0 0 0 


0.69116 0.723118 -5.12324e-06 -4.5423 4.34148 -0.00115172 
0.690471 0.723065 0.00229032 -4.32022 4.33046 0.0809561 
0 0 0 0 0 0 


0.632312 0.775103 -1.65219e-06 -4.86803 3.97184 0.00146597 
0.634277 0.774968 0.00184938 -4.70328 3.97073 -0.131961 
0 0 0 0 0 0 


0.56959 0.822312 2.29522e-05 -5.16242 3.57776 0.0021436 
0.572577 0.822228 -0.000313901 -5.16564 3.58621 -0.187652 
0 0 0 0 0 0 


0.502704 0.86485 4.55534e-05 -5.42784 3.15748 0.00123119 
0.504714 0.8649 -0.00232628 -5.56871 3.16882 -0.114474 
0 0 0 0 0 0 


0.409901 0.91254 4.6101e-05 -5.72682 2.57442 -0.00132643 
0.408955 0.912723 -0.00262283 -5.9057 2.57667 0.0918789 
0 0 0 0 0 0 


0.337117 0.941878 1.75674e-05 -5.91289 2.11731 -0.00299419 
0.334707 0.942001 -0.000509343 -5.93758 2.10524 0.226469 
0 0 0 0 0 0 


0.262225 0.965418 -1.60796e-05 -6.06346 1.64705 -0.00176842 
0.261046 0.965343 0.0020127 -5.85926 1.63119 0.126781 
0 0 0 0 0 0 


0.1857 0.983011 -1.94931e-05 -6.17374 1.16645 0.00107517 
0.187275 0.982821 0.00208145 -5.98312 1.16502 -0.103849 
0 0 0 0 0 0 


0.108048 0.994549 2.55629e-06 -6.24419 0.678692 0.00210636 
0.111019 0.994425 8.46137e-05 -6.21754 0.689264 -0.187571 
0 0 0 0 0 0 


0.0297547 0.999961 2.61423e-05 -6.27638 0.186875 0.0014479 
0.032079 0.999996 -0.00203848 -6.39756 0.200266 -0.134327 
0 0 0 0 0 0 


-0.0761176 0.997501 3.15599e-05 -6.26012 -0.478178 -0.00102043 
-0.0766962 0.997701 -0.0027649 -6.44865 -0.474487 0.0656496 
0 0 0 0 0 0 


-0.154062 0.98846 5.94109e-06 -6.20495 -0.967678 -0.0028989 
-0.156384 0.988617 -0.00090149 -6.2634 -0.978632 0.21796 
0 0 0 0 0 0 


-0.231088 0.973333 -2.95713e-05 -6.11289 -1.45133 -0.0021463 
-0.232595 0.973294 0.00176588 -5.93147 -1.46849 0.157258 
0 0 0 0 0 0 


-0.306715 0.952213 -3.8114e-05 -5.98058 -1.92628 0.000734953 
-0.305495 0.952026 0.00225259 -5.77424 -1.93089 -0.0757628 
0 0 0 0 0 0 


-0.380441 0.925226 -1.83809e-05 -5.80929 -2.38938 0.00207517 
-0.37753 0.925064 0.000454078 -5.75548 -2.38211 -0.183861 
0 0 0 0 0 0 


-0.451799 0.89254 6.4421e-06 -5.60221 -2.83768 0.00166373 
-0.449219 0.892501 -0.00175035 -5.70176 -2.82655 -0.149976 
0 0 0 0 0 0 


-0.543612 0.839737 1.74808e-05 -5.26955 -3.41458 -0.000604827 
-0.543749 0.83986 -0.0028938 -5.46185 -3.40819 0.0346822 
0 0 0 0 0 0 


-0.607745 0.794513 -3.50179e-06 -4.98678 -3.8175 -0.00265776 
-0.609878 0.794659 -0.00136835 -5.08214 -3.82101 0.201739 
0 0 0 0 0 0 


-0.668162 0.744397 -3.96977e-05 -4.67505 -4.19695 -0.00250126 
-0.669994 0.744433 0.00139953 -4.52662 -4.20953 0.189918 
0 0 0 0 0 0 


-0.724491 0.689696 -5.37352e-05 -4.33241 -4.55073 0.000340727 
-0.723713 0.68959 0.00238378 -4.11309 -4.55897 -0.0393485 
0 0 0 0 0 0 


-0.77635 0.630746 -3.68188e-05 -3.96056 -4.87655 0.00202535 
-0.773573 0.630592 0.000872871 -3.87554 -4.87618 -0.174801 
0 0 0 0 0 0 


-0.823403 0.567908 -1.06819e-05 -3.56405 -5.17231 0.00191192 
-0.820564 0.567795 -0.00137193 -3.63391 -5.16671 -0.16454 
0 0 0 0 0 0 


-0.878798 0.477601 7.47674e-06 -2.99546 -5.5207 -2.24332e-05 
-0.878325 0.477607 -0.0029931 -3.18165 -5.51313 -0.00630935 
0 0 0 0 0 0 


-0.913497 0.407192 -5.86846e-06 -2.55382 -5.73897 -0.0021245 
-0.915219 0.407279 -0.00200627 -2.69157 -5.73445 0.165157 
0 0 0 0 0 0 


-0.942587 0.334274 -4.04088e-05 -2.09858 -5.92182 -0.0028684 
-0.944755 0.334365 0.000712622 -2.00837 -5.92654 0.226655 
0 0 0 0 0 0 


-0.965903 0.259298 -6.18006e-05 -1.62932 -6.06825 -0.000228572 
-0.965746 0.259286 0.00238228 -1.39801 -6.07798 0.0141111 
0 0 0 0 0 0 


-0.983265 0.182724 -4.91332e-05 -1.14693 -6.1774 0.00191159 
-0.980754 0.182613 0.0013093 -1.02488 -6.18247 -0.15794 
0 0 0 0 0 0 


-0.994544 0.105022 -2.21809e-05 -0.656861 -6.2485 0.00213713 
-0.991504 0.104889 -0.000904342 -0.690736 -6.2472 -0.174884 
0 0 0 0 0 0 


-1 0.00468331 2.51386e-06 -0.02484 -6.28324 0.000710821 
-0.998694 0.00462243 -0.00291928 -0.190198 -6.27616 -0.0576316 
0 0 0 0 0 0 


-0.996211 -0.0863172 -2.81435e-06 0.546893 -6.25986 -0.00154665 
-0.997469 -0.0862661 -0.00247721 0.386148 -6.25275 0.126777 
0 0 0 0 0 0 


-0.987337 -0.158017 -3.02535e-05 0.995371 -6.20427 -0.00295381 
-0.989641 -0.15792 -0.000230396 1.00447 -6.20472 0.241976 
0 0 0 0 0 0 


-0.980129 -0.197817 -4.83602e-05 1.24373 -6.15896 -0.00245037 
-0.981906 -0.197743 0.00125593 1.39608 -6.16576 0.201878 
0 0 0 0 0 0 


-0.961586 -0.274114 -5.99014e-05 1.72237 -6.04238 0.000668534 
-0.960643 -0.27416 0.00224143 1.94545 -6.05188 -0.0494506 
0 0 0 0 0 0 


-0.937103 -0.348722 -3.93432e-05 2.19305 -5.88866 0.00223626 
-0.934215 -0.348842 0.000642926 2.27 -5.89065 -0.175168 
0 0 0 0 0 0 


-0.906816 -0.421179 -1.14177e-05 2.65023 -5.69859 0.00202009 
-0.903918 -0.421276 -0.00153664 2.58205 -5.69326 -0.156419 
0 0 0 0 0 0 


-0.855037 -0.518159 9.72657e-06 3.26113 -5.37363 0.000163281 
-0.85448 -0.518117 -0.0031085 3.08368 -5.3648 -0.00435566 
0 0 0 0 0 0 


-0.811679 -0.583662 -4.97133e-07 3.67242 -5.10136 -0.00184936 
-0.813256 -0.583537 -0.00216247 3.53271 -5.09843 0.159784 
0 0 0 0 0 0 


-0.774876 -0.631664 -2.4588e-05 3.97218 -4.87008 -0.00291475 
-0.777121 -0.63156 -0.000111033 3.99646 -4.87798 0.246898 
0 0 0 0 0 0 


-0.748424 -0.662783 -4.21475e-05 4.16597 -4.70377 -0.0022352 
-0.750005 -0.662753 0.00138325 4.34163 -4.71772 0.192385 
0 0 0 0 0 0 


-0.716637 -0.697031 -5.14143e-05 4.38042 -4.50394 -0.000175763 
-0.716552 -0.697104 0.00222035 4.62678 -4.51643 0.0261565 
0 0 0 0 0 0 


-0.688713 -0.724635 -4.7534e-05 4.5545 -4.32845 0.00130881 
-0.687188 -0.724769 0.00198202 4.75809 -4.33491 -0.093624 
0 0 0 0 0 0 


-0.65972 -0.751122 -3.65078e-05 4.72199 -4.14627 0.00211154 
-0.657164 -0.751276 0.00116775 4.84595 -4.14629 -0.158195 
0 0 0 0 0 0 


-0.629703 -0.77645 -2.22833e-05 4.88224 -3.95767 0.00236521 
-0.626633 -0.776587 9.71718e-05 4.92361 -3.95236 -0.178311 
0 0 0 0 0 0 


-0.587638 -0.808736 -2.91105e-06 5.0864 -3.6934 0.00213952 
-0.584641 -0.808805 -0.00135765 5.03137 -3.68327 -0.159478 
0 0 0 0 0 0 


-0.495921 -0.867962 2.13778e-05 5.46022 -3.11717 0.000421036 
-0.49509 -0.867833 -0.00307582 5.28602 -3.1068 -0.0192663 
0 0 0 0 0 0 


-0.426208 -0.904207 1.46542e-05 5.68785 -2.67907 -0.00157126 
-0.427563 -0.904002 -0.00234177 5.535 -2.67901 0.142728 
0 0 0 0 0 0 


-0.365609 -0.930347 -9.98912e-06 5.85016 -2.29808 -0.00287293 
-0.367832 -0.930221 -0.000180986 5.8669 -2.31374 0.248607 
0 0 0 0 0 0 


-0.328779 -0.943988 -2.69099e-05 5.93409 -2.06647 -0.0022952 
-0.330414 -0.943982 0.00128971 6.10262 -2.08767 0.202044 
0 0 0 0 0 0 


-0.283929 -0.958432 -3.66496e-05 6.02394 -1.78452 -0.00019977 
-0.283894 -0.95857 0.00220057 6.27293 -1.79981 0.0325599 
0 0 0 0 0 0 


-0.246069 -0.968842 -3.27988e-05 6.08992 -1.54656 0.00131794 
-0.244573 -0.969046 0.00199158 6.29692 -1.552 -0.0901975 
0 0 0 0 0 0 


-0.207824 -0.977758 -2.16871e-05 6.14697 -1.30619 0.00212732 
-0.205278 -0.977968 0.00119549 6.27379 -1.30313 -0.155606 
0 0 0 0 0 0 


-0.169251 -0.985166 -7.3583e-06 6.19455 -1.06377 0.00238337 
-0.166175 -0.985336 0.000139681 6.23853 -1.05481 -0.17622 
0 0 0 0 0 0 


-0.113254 -0.993158 1.3416e-05 6.24605 -0.711839 0.00213648 
-0.110261 -0.993225 -0.00139089 6.18731 -0.698461 -0.156087 
0 0 0 0 0 0 


-0.00346853 -0.999585 3.73866e-05 6.2879 -0.0218929 0.00035497 
-0.00272781 -0.999421 -0.00303433 6.10983 -0.0113972 -0.0116765 
0 0 0 0 0 0 


0.0750598 -0.996772 2.93379e-05 6.26985 0.471704 -0.00171577 
0.0736024 -0.996545 -0.00216913 6.12152 0.469601 0.156004 
0 0 0 0 0 0 


0.132499 -0.990778 7.27719e-06 6.23025 0.832875 -0.00287309 
0.13029 -0.990636 -0.000226204 6.23819 0.816104 0.249645 
0 0 0 0 0 0 


0.172868 -0.984538 -1.03999e-05 6.18909 1.08673 -0.00229893 
0.171236 -0.98453 0.00131532 6.35576 1.0642 0.20303 
0 0 0 0 0 0 


0.218305 -0.975468 -2.02152e-05 6.13109 1.37239 -0.000268765 
0.218296 -0.975611 0.00223382 6.37758 1.35598 0.0384306 
0 0 0 0 0 0 


0.256447 -0.96614 -1.68602e-05 6.07291 1.61212 0.00123397 
0.257893 -0.966355 0.00206571 6.28114 1.60545 -0.0834502 
0 0 0 0 0 0 


0.294198 -0.955322 -6.23681e-06 6.00582 1.84939 0.0020589 
0.296714 -0.955551 0.00130778 6.13726 1.85088 -0.150454 
0 0 0 0 0 0 


0.331501 -0.943029 7.75469e-06 5.9295 2.08383 0.00234502 
0.334583 -0.94323 0.000275805 5.98007 2.09082 -0.17384 
0 0 0 0 0 0 


0.385038 -0.922473 2.8665e-05 5.8015 2.42027 0.0021387 
0.388094 -0.922589 -0.00127253 5.74876 2.43136 -0.157482 
0 0 0 0 0 0 


0.486796 -0.873102 5.34745e-05 5.49256 3.05965 0.000349725 
0.487593 -0.873013 -0.0030059 5.31495 3.06952 -0.0134246 
0 0 0 0 0 0 


0.55388 -0.8322 4.52082e-05 5.23506 3.48118 -0.00175855 
0.552467 -0.832032 -0.00215432 5.08449 3.48265 0.156647 
0 0 0 0 0 0 


0.595037 -0.80331 2.59841e-05 5.05181 3.73989 -0.0029018 
0.592868 -0.803169 -0.000485484 5.03235 3.73121 0.248757 
0 0 0 0 0 0 


0.626137 -0.779322 7.94713e-06 4.89908 3.93544 -0.00261738 
0.624337 -0.779259 0.00105994 5.03722 3.91954 0.225309 
0 0 0 0 0 0 


0.661871 -0.749211 -4.89787e-06 4.70849 4.1601 -0.000680835 
0.661588 -0.749272 0.0021974 4.95172 4.14446 0.0679323 
0 0 0 0 0 0 


0.690781 -0.722639 -3.86431e-06 4.54174 4.3418 0.000914626 
0.691981 -0.722781 0.00219218 4.76047 4.33188 -0.0617539 
0 0 0 0 0 0 


0.718629 -0.694952 5.12027e-06 4.36854 4.51679 0.00185156 
0.720986 -0.695137 0.00154003 4.51647 4.51279 -0.138117 
0 0 0 0 0 0 


0.745374 -0.666193 1.81165e-05 4.18871 4.68482 0.00223049 
0.748409 -0.666389 0.000559934 4.25806 4.68539 -0.1693 
0 0 0 0 0 0 


0.781621 -0.623294 3.80965e-05 3.92024 4.9125 0.0021421 
0.784812 -0.623464 -0.00096008 3.88916 4.91732 -0.162875 
0 0 0 0 0 0 


0.846217 -0.532403 6.50009e-05 3.35048 5.31809 0.000643479 
0.847541 -0.532448 -0.00296425 3.18792 5.32657 -0.0430492 
0 0 0 0 0 0 


0.887267 -0.460872 6.09138e-05 2.90089 5.57574 -0.00139509 
0.886293 -0.460807 -0.0025221 2.73418 5.58317 0.120851 
0 0 0 0 0 0 


0.91242 -0.408905 4.05978e-05 2.57279 5.73368 -0.00293073 
0.910348 -0.408794 -0.000808431 2.52596 5.73491 0.244353 
0 0 0 0 0 0 


0.927786 -0.372763 2.1438e-05 2.34365 5.83027 -0.00294022 
0.925912 -0.372669 0.000785119 2.45961 5.82358 0.244504 
0 0 0 0 0 0 


0.943282 -0.331603 6.3342e-06 2.08341 5.92773 -0.00115545 
0.942753 -0.331581 0.0020505 2.32691 5.91517 0.0992339 
0 0 0 0 0 0 


0.955572 -0.294309 4.9413e-06 1.84918 6.00498 0.000612568 
0.956575 -0.294364 0.0021966 2.08003 5.99332 -0.0446121 
0 0 0 0 0 0 


0.966392 -0.25656 1.24221e-05 1.6128 6.07293 0.00165847 
0.968632 -0.256678 0.00161994 1.7737 6.06475 -0.129973 
0 0 0 0 0 0 


0.975727 -0.218417 2.43847e-05 1.37405 6.1315 0.00208704 
0.978725 -0.218574 0.000676214 1.45633 6.1271 -0.165336 
0 0 0 0 0 0 


0.98454 -0.174526 3.95345e-05 1.09921 6.18675 0.00209985 
0.98783 -0.1747 -0.000527121 1.10111 6.18619 -0.167123 
0 0 0 0 0 0 


0.995902 -0.0896953 6.37701e-05 0.567542 6.25779 0.00131928 
0.99838 -0.0898355 -0.0024597 0.45508 6.26307 -0.105352 
0 0 0 0 0 0 


0.999837 0.0185662 7.04444e-05 -0.111974 6.28199 -0.000752604 
0.99968 0.018559 -0.0029903 -0.28545 6.29124 0.0606147 
0 0 0 0 0 0 


0.995903 0.0910891 5.01596e-05 -0.568683 6.257 -0.00278813 
0.994051 0.0911768 -0.00135838 -0.656344 6.2625 0.224258 
0 0 0 0 0 0 


0.991576 0.130115 3.03828e-05 -0.815753 6.2298 -0.00333094 
0.989615 0.130215 0.000231586 -0.749099 6.22744 0.267561 
0 0 0 0 0 0 


0.985708 0.168942 1.25585e-05 -1.06169 6.19302 -0.00204189 
0.984727 0.168997 0.00165924 -0.82954 6.18168 0.162484 
0 0 0 0 0 0 


0.978312 0.207508 6.64459e-06 -1.30424 6.1466 8.72218e-05 
0.978929 0.207483 0.00211803 -1.04995 6.13358 -0.010632 
0 0 0 0 0 0 


0.969411 0.245754 1.17925e-05 -1.54364 6.09065 0.0013985 
0.971419 0.245657 0.00167672 -1.35948 6.08114 -0.117496 
0 0 0 0 0 0 


0.959022 0.283622 2.24795e-05 -1.7805 6.0253 0.00192172 
0.961918 0.283479 0.000782697 -1.67941 6.02039 -0.160521 
0 0 0 0 0 0 


0.947161 0.321051 3.48815e-05 -2.01473 5.95066 0.00199165 
0.950453 0.320892 -0.000254241 -1.9868 5.95008 -0.166822 
0 0 0 0 0 0 


0.921091 0.389672 5.5861e-05 -2.4445 5.78662 0.00149753 
0.924063 0.389546 -0.00202474 -2.52061 5.79246 -0.127974 
0 0 0 0 0 0 


0.869381 0.494537 6.87723e-05 -3.10207 5.4613 -0.00031386 
0.86995 0.494573 -0.00321177 -3.2678 5.47117 0.0169513 
0 0 0 0 0 0 


0.827966 0.56121 5.28666e-05 -3.52125 5.20091 -0.00235792 
0.826533 0.561343 -0.00203646 -3.65126 5.20469 0.181386 
0 0 0 0 0 0 


0.805322 0.593276 3.46118e-05 -3.724 5.05868 -0.00340782 
0.803375 0.593406 -0.000619567 -3.74166 5.05319 0.265883 
0 0 0 0 0 0 


0.781425 0.624428 1.31726e-05 -3.92208 4.90868 -0.00304475 
0.779977 0.624486 0.0010519 -3.73932 4.89156 0.235943 
0 0 0 0 0 0 


0.756312 0.654618 1.1285e-06 -4.1128 4.751 -0.000696482 
0.756407 0.65456 0.00195909 -3.83714 4.73328 0.0452187 
0 0 0 0 0 0 


0.730032 0.6838 2.90775e-06 -4.29529 4.5859 0.00105256 
0.731698 0.683654 0.00174343 -4.08113 4.57605 -0.0969498 
0 0 0 0 0 0 


0.702635 0.711927 1.20569e-05 -4.47083 4.41374 0.00174559 
0.705357 0.711744 0.000927774 -4.3461 4.41151 -0.153562 
0 0 0 0 0 0 


0.674161 0.738957 2.3587e-05 -4.63962 4.2348 0.00188095 
0.677412 0.73878 -8.3665e-05 -4.59272 4.23842 -0.164986 
0 0 0 0 0 0 


0.631051 0.776118 3.96981e-05 -4.87189 3.96388 0.00160881 
0.634309 0.776001 -0.00150602 -4.91281 3.97328 -0.143576 
0 0 0 0 0 0 


0.544146 0.839384 5.72576e-05 -5.26787 3.41776 0.000287379 
0.545696 0.839471 -0.00316497 -5.41471 3.4304 -0.0376238 
0 0 0 0 0 0 


0.469778 0.883193 4.9377e-05 -5.54276 2.95052 -0.00159102 
0.469088 0.883416 -0.00272917 -5.70514 2.95537 0.11378 
0 0 0 0 0 0 


0.419522 0.908159 2.77411e-05 -5.70071 2.63495 -0.00325481 
0.4177 0.908363 -0.00111347 -5.76478 2.62378 0.248124 
0 0 0 0 0 0 


0.383572 0.923925 5.52095e-06 -5.80204 2.40934 -0.00352092 
0.381901 0.924008 0.000588541 -5.67339 2.38248 0.269412 
0 0 0 0 0 0 


0.347017 0.938268 -1.06949e-05 -5.89389 2.17983 -0.00137015 
0.346718 0.938172 0.00180261 -5.61686 2.15338 0.0949565 
0 0 0 0 0 0 


0.309923 0.951165 -1.20582e-05 -5.97435 1.94679 0.00071013 
0.311288 0.950947 0.00181218 -5.73896 1.93451 -0.0737649 
0 0 0 0 0 0 


0.272357 0.962597 -4.41767e-06 -6.04501 1.71079 0.00158056 
0.274911 0.96234 0.00109115 -5.9005 1.71003 -0.144463 
0 0 0 0 0 0 


0.234379 0.972545 6.36789e-06 -6.10648 1.47222 0.00179935 
0.237574 0.972308 0.000114252 -6.04312 1.47885 -0.162352 
0 0 0 0 0 0 


0.188727 0.98243 1.94358e-05 -6.1676 1.18543 0.00166434 
0.192093 0.982264 -0.00106839 -6.18171 1.19731 -0.151584 
0 0 0 0 0 0 


0.0970863 0.995678 3.81046e-05 -6.24947 0.609741 0.000748061 
0.0993814 0.995721 -0.00282977 -6.37194 0.624709 -0.0775881 
0 0 0 0 0 0 


-0.00322032 1.0004 3.63601e-05 -6.27851 -0.0203491 -0.00116576 
-0.0034124 1.00064 -0.00296124 -6.4506 -0.0130071 0.077354 
0 0 0 0 0 0 


-0.0632192 0.998401 1.69533e-05 -6.2668 -0.397096 -0.00295811 
-0.0648492 0.998646 -0.00155242 -6.37089 -0.405798 0.222571 
0 0 0 0 0 0 


-0.102333 0.995151 -4.58604e-06 -6.24842 -0.642563 -0.00371415 
-0.10416 0.995289 8.5951e-05 -6.18663 -0.668719 0.283867 
0 0 0 0 0 0 


-0.141305 0.99037 -2.43165e-05 -6.22073 -0.887186 -0.00216228 
-0.142082 0.990314 0.00157825 -5.96709 -0.918961 0.158249 
0 0 0 0 0 0 


-0.180067 0.984064 -3.00278e-05 -6.18115 -1.13068 0.000177407 
-0.179163 0.983848 0.00193559 -5.92542 -1.14863 -0.0311566 
0 0 0 0 0 0 


-0.218548 0.97624 -2.47262e-05 -6.13101 -1.37243 0.00134012 
-0.216295 0.975956 0.00140165 -5.95851 -1.37719 -0.125202 
0 0 0 0 0 0 


-0.256685 0.966913 -1.48683e-05 -6.07145 -1.612 0.00172802 
-0.253619 0.966627 0.000499574 -5.98159 -1.60846 -0.156461 
0 0 0 0 0 0 


-0.294422 0.956096 -3.89288e-06 -6.00269 -1.84906 0.00174021 
-0.291017 0.955849 -0.000491941 -5.98206 -1.8406 -0.157262 
0 0 0 0 0 0 


-0.367369 0.930495 1.49025e-05 -5.84071 -2.30733 0.00121954 
-0.364386 0.930383 -0.0022125 -5.9237 -2.29473 -0.114646 
0 0 0 0 0 0 


-0.471999 0.882004 2.29496e-05 -5.53519 -2.96472 -0.000573845 
-0.471494 0.882119 -0.00314841 -5.70695 -2.95429 0.0314558 
0 0 0 0 0 0 


-0.533706 0.84606 5.65283e-06 -5.30999 -3.35237 -0.002613 
-0.535078 0.846248 -0.00191486 -5.44269 -3.3522 0.197243 
0 0 0 0 0 0 


-0.566478 0.824462 -1.4499e-05 -5.17608 -3.55811 -0.00370567 
-0.568314 0.824612 -0.000371484 -5.16927 -3.57154 0.286118 
0 0 0 0 0 0 


-0.598392 0.801595 -3.62211e-05 -5.03514 -3.7584 -0.0027337 
-0.599481 0.801617 0.00130146 -4.81064 -3.78368 0.20778 
0 0 0 0 0 0 


-0.629396 0.777494 -4.52798e-05 -4.88431 -3.95313 -0.000241372 
-0.628839 0.777368 0.00195119 -4.61731 -3.97268 0.00631487 
0 0 0 0 0 0 


-0.659428 0.752194 -4.17812e-05 -4.72452 -4.14181 0.00116126 
-0.657416 0.751978 0.00158641 -4.5323 -4.15158 -0.106867 
0 0 0 0 0 0 


-0.688437 0.725734 -3.25815e-05 -4.55737 -4.32409 0.00168366 
-0.685486 0.72548 0.000762614 -4.44729 -4.32697 -0.14873 
0 0 0 0 0 0 


-0.716381 0.698157 -2.1604e-05 -4.38334 -4.49968 0.00178034 
-0.712966 0.697899 -0.000202309 -4.34271 -4.49816 -0.156089 
0 0 0 0 0 0 


-0.767141 0.641928 -1.85235e-06 -4.029 -4.81871 0.00140379 
-0.763886 0.641721 -0.00193976 -4.09009 -4.81256 -0.124623 
0 0 0 0 0 0 


-0.839751 0.543389 1.19047e-05 -3.40895 -5.27525 -0.000212505 
-0.838791 0.54334 -0.00325062 -3.57047 -5.26563 0.00799472 
0 0 0 0 0 0 


-0.879358 0.476533 -2.13011e-06 -2.98923 -5.52435 -0.00225241 
-0.880446 0.476602 -0.00222085 -3.13664 -5.51593 0.17437 
0 0 0 0 0 0 


-0.897362 0.441647 -2.04916e-05 -2.7715 -5.6375 -0.00358129 
-0.899089 0.441753 -0.000782191 -2.80581 -5.6357 0.282604 
0 0 0 0 0 0 


-0.908331 0.418604 -3.57279e-05 -2.62867 -5.70634 -0.00370215 
-0.909899 0.418699 0.000422359 -2.50674 -5.71379 0.292787 
0 0 0 0 0 0 


-0.918872 0.394927 -4.8506e-05 -2.48166 -5.77245 -0.00226142 
-0.919613 0.394973 0.00142899 -2.2192 -5.78828 0.176493 
0 0 0 0 0 0 


-0.92645 0.376814 -5.32295e-05 -2.36817 -5.82001 -0.000790609 
-0.926316 0.376806 0.00179119 -2.08196 -5.8373 0.0576675 
0 0 0 0 0 0 


-0.933672 0.358555 -5.3834e-05 -2.25316 -5.86538 0.000329746 
-0.932675 0.358495 0.00182074 -1.99316 -5.88118 -0.0327696 
0 0 0 0 0 0 


-0.940532 0.340157 -5.15972e-05 -2.13706 -5.90849 0.00104284 
-0.938789 0.340052 0.00162111 -1.92056 -5.92182 -0.0902165 
0 0 0 0 0 0 


-0.95262 0.30466 -4.31133e-05 -1.91306 -5.9845 0.00168295 
-0.949841 0.30449 0.000901411 -1.78038 -5.99315 -0.141462 
0 0 0 0 0 0 


-0.963837 0.267032 -3.19278e-05 -1.6758 -6.05506 0.00183996 
-0.960462 0.26682 -3.47539e-05 -1.61517 -6.05976 -0.153537 
0 0 0 0 0 0 


-0.978515 0.206762 -1.44651e-05 -1.29615 -6.14748 0.00163406 
-0.974986 0.206529 -0.0014886 -1.32055 -6.14743 -0.135826 
0 0 0 0 0 0 


-0.995384 0.0965856 6.32473e-06 -0.602752 -6.25393 0.000582582 
-0.993253 0.0964135 -0.00321735 -0.727128 -6.24729 -0.0487606 
0 0 0 0 0 0 


-0.999966 0.00798424 4.61821e-06 -0.0456153 -6.28315 -0.000987342 
-0.999924 0.0079372 -0.00309058 -0.208196 -6.2724 0.0799221 
0 0 0 0 0 0 


-0.998836 -0.04737 -1.11198e-05 0.30165 -6.27629 -0.00272226 
-1.00012 -0.0473204 -0.00181211 0.183074 -6.26613 0.221394 
0 0 0 0 0 0 


-0.996617 -0.0814629 -2.94008e-05 0.514044 -6.26237 -0.0038883 
-0.998215 -0.0813736 -0.000324926 0.545376 -6.25974 0.316423 
0 0 0 0 0 0 


-0.994822 -0.101016 -4.14227e-05 0.634987 -6.251 -0.00357136 
-0.996081 -0.100933 0.000653963 0.823931 -6.25801 0.291085 
0 0 0 0 0 0 


-0.992458 -0.122088 -5.07093e-05 0.766009 -6.23602 -0.00177374 
-0.992849 -0.122045 0.00141288 1.06953 -6.25181 0.145838 
0 0 0 0 0 0 


-0.989873 -0.141551 -5.34603e-05 0.888368 -6.21974 -8.63218e-05 
-0.989302 -0.141561 0.001643 1.18753 -6.23713 0.00948894 
0 0 0 0 0 0 


-0.986906 -0.160959 -5.19576e-05 1.01093 -6.20109 0.000946085 
-0.985472 -0.161022 0.00152959 1.261 -6.21668 -0.0738055 
0 0 0 0 0 0 


-0.983555 -0.180305 -4.80487e-05 1.13317 -6.18007 0.00149541 
-0.981426 -0.180412 0.00122232 1.32927 -6.19296 -0.117972 
0 0 0 0 0 0 


-0.977361 -0.211304 -3.94296e-05 1.32888 -6.14122 0.00185667 
-0.974439 -0.211465 0.000541384 1.45076 -6.14982 -0.146706 
0 0 0 0 0 0 


-0.968301 -0.249514 -2.75331e-05 1.56986 -6.0844 0.00190388 
-0.964846 -0.249714 -0.00039717 1.622 -6.08839 -0.149879 
0 0 0 0 0 0 


-0.952628 -0.303845 -1.13163e-05 1.9122 -5.9861 0.00166008 
-0.949047 -0.304056 -0.00166752 1.8923 -5.98467 -0.129201 
0 0 0 0 0 0 


-0.91695 -0.398648 9.1101e-06 2.50907 -5.76229 0.000794508 
-0.914435 -0.398774 -0.00322393 2.40327 -5.75379 -0.0574601 
0 0 0 0 0 0 


-0.871465 -0.490046 1.07931e-05 3.08415 -5.47685 -0.000764241 
-0.871135 -0.490004 -0.00323537 2.92881 -5.46588 0.0703641 
0 0 0 0 0 0 


-0.844651 -0.534882 -1.2284e-06 3.36575 -5.30848 -0.00226609 
-0.845586 -0.534762 -0.00218811 3.22905 -5.30174 0.192777 
0 0 0 0 0 0 


-0.825419 -0.564078 -1.78812e-05 3.54791 -5.18757 -0.00374746 
-0.82688 -0.563946 -0.000786538 3.52305 -5.19267 0.313264 
0 0 0 0 0 0 


-0.814177 -0.580179 -3.03599e-05 3.64708 -5.11677 -0.00402023 
-0.815476 -0.580084 0.000255039 3.78969 -5.13573 0.335632 
0 0 0 0 0 0 


-0.802627 -0.596055 -4.08424e-05 3.74481 -5.04403 -0.00235574 
-0.803184 -0.596039 0.00113577 4.05808 -5.07337 0.201079 
0 0 0 0 0 0 


-0.790771 -0.611702 -4.45377e-05 3.84303 -4.96951 -0.000139792 
-0.790293 -0.611775 0.00146759 4.16869 -4.99559 0.0218532 
0 0 0 0 0 0 


-0.778609 -0.627113 -4.28121e-05 3.94066 -4.89312 0.00109121 
-0.777203 -0.627256 0.00136112 4.20536 -4.91189 -0.0775961 
0 0 0 0 0 0 


-0.766143 -0.642282 -3.84078e-05 4.03679 -4.81483 0.00165243 
-0.764011 -0.642473 0.00103851 4.23861 -4.82728 -0.122797 
0 0 0 0 0 0 


-0.75338 -0.657203 -3.28111e-05 4.13123 -4.73466 0.00189358 
-0.750702 -0.657426 0.000620102 4.28062 -4.74214 -0.142078 
0 0 0 0 0 0 


-0.727117 -0.686138 -2.06051e-05 4.31409 -4.56969 0.00197531 
-0.723768 -0.686383 -0.000296767 4.38542 -4.56993 -0.148206 
0 0 0 0 0 0 


-0.698193 -0.715534 -8.04291e-06 4.49961 -4.388 0.00182949 
-0.694578 -0.715762 -0.00123525 4.51232 -4.38286 -0.135894 
0 0 0 0 0 0 


-0.639845 -0.768121 1.17392e-05 4.83117 -4.02147 0.0012932 
-0.636592 -0.768239 -0.00267821 4.7658 -4.00973 -0.0915549 
0 0 0 0 0 0 


-0.546339 -0.837162 2.4669e-05 5.26616 -3.43404 -3.48545e-05 
-0.545056 -0.837027 -0.00347021 5.12481 -3.42022 0.0171986 
0 0 0 0 0 0 


-0.486807 -0.873097 1.67767e-05 5.49225 -3.05993 -0.00156149 
-0.487208 -0.872841 -0.00266846 5.33824 -3.05414 0.141466 
0 0 0 0 0 0 


-0.452115 -0.891542 2.53572e-06 5.60751 -2.84176 -0.00311322 
-0.453355 -0.891293 -0.00142029 5.51222 -2.85263 0.267468 
0 0 0 0 0 0 


-0.430611 -0.902119 -1.14347e-05 5.67222 -2.70634 -0.00411174 
-0.43198 -0.901951 -0.000230028 5.72491 -2.74017 0.348527 
0 0 0 0 0 0 


-0.412808 -0.910401 -2.36925e-05 5.7217 -2.59418 -0.00328843 
-0.413678 -0.910372 0.000811439 5.98845 -2.64632 0.281978 
0 0 0 0 0 0 


-0.394851 -0.918332 -3.00029e-05 5.77064 -2.48134 -0.00074854 
-0.394712 -0.918459 0.00137158 6.1144 -2.5254 0.076381 
0 0 0 0 0 0 


-0.376742 -0.925908 -2.94921e-05 5.81895 -2.36765 0.000870306 
-0.375601 -0.926147 0.00137963 6.10834 -2.39508 -0.0546179 
0 0 0 0 0 0 


-0.358485 -0.933128 -2.55054e-05 5.86518 -2.25299 0.00158101 
-0.356547 -0.933432 0.00110652 6.08688 -2.2682 -0.112063 
0 0 0 0 0 0 


-0.340087 -0.939989 -2.00316e-05 5.90901 -2.1374 0.00187797 
-0.337548 -0.940326 0.000713309 6.07421 -2.1443 -0.136002 
0 0 0 0 0 0 


-0.309443 -0.950514 -9.90826e-06 5.97606 -1.94485 0.00200018 
-0.306244 -0.950862 -2.31299e-05 6.07063 -1.94285 -0.145724 
0 0 0 0 0 0 


-0.271861 -0.961933 2.37986e-06 6.04861 -1.70868 0.00190538 
-0.268275 -0.962246 -0.000916042 6.08129 -1.7001 -0.137854 
0 0 0 0 0 0 


-0.209721 -0.977356 2.00456e-05 6.14646 -1.31817 0.00153115 
-0.206191 -0.977549 -0.00217768 6.10697 -1.30365 -0.107283 
0 0 0 0 0 0 


-0.0924924 -0.995305 3.89841e-05 6.26042 -0.581465 0.000353506 
-0.0906295 -0.995187 -0.00339256 6.12979 -0.564917 -0.0115966 
0 0 0 0 0 0 


-0.0140293 -0.999494 3.51067e-05 6.28712 -0.0883087 -0.00114901 
-0.0140401 -0.999205 -0.002865 6.12532 -0.0798499 0.110172 
0 0 0 0 0 0 


0.0256581 -0.999264 2.37752e-05 6.28532 0.161263 -0.00255942 
0.024678 -0.99896 -0.0018392 6.15221 0.155016 0.224407 
0 0 0 0 0 0 


0.0552985 -0.998062 8.31036e-06 6.27617 0.347879 -0.00397502 
0.0539294 -0.997845 -0.000505935 6.27453 0.314317 0.339047 
0 0 0 0 0 0 


0.0748959 -0.996782 -4.41277e-06 6.2656 0.471377 -0.00379284 
0.0738275 -0.996709 0.000577949 6.47159 0.414003 0.324267 
0 0 0 0 0 0 


0.094457 -0.995117 -1.28814e-05 6.25355 0.594368 -0.00145486 
0.0942909 -0.995227 0.00131713 6.59025 0.539864 0.13486 
0 0 0 0 0 0 


0.11398 -0.993068 -1.41327e-05 6.24106 0.716932 0.000447026 
0.114839 -0.993319 0.00147161 6.54633 0.681499 -0.0192296 
0 0 0 0 0 0 


0.133461 -0.990636 -1.11528e-05 6.22656 0.839269 0.00134034 
0.135173 -0.990973 0.00128324 6.46709 0.818786 -0.0916314 
0 0 0 0 0 0 


0.152894 -0.987823 -6.26424e-06 6.20957 0.961342 0.00173462 
0.155265 -0.988207 0.000940109 6.39272 0.950838 -0.123618 
0 0 0 0 0 0 


0.18116 -0.983031 2.21099e-06 6.18024 1.13895 0.00193236 
0.18421 -0.98344 0.00033047 6.29779 1.13768 -0.139719 
0 0 0 0 0 0 


0.219639 -0.975156 1.43283e-05 6.13153 1.38077 0.00191073 
0.223206 -0.975548 -0.000546441 6.18303 1.38679 -0.138107 
0 0 0 0 0 0 


0.275579 -0.960851 3.07925e-05 6.04242 1.73233 0.00164249 
0.279281 -0.96116 -0.00172807 6.02402 1.74383 -0.116631 
0 0 0 0 0 0 


0.377998 -0.925383 5.20318e-05 5.82049 2.37594 0.000731228 
0.380539 -0.925456 -0.00317048 5.71011 2.3906 -0.0434434 
0 0 0 0 0 0 


0.462108 -0.886412 5.32347e-05 5.57608 2.90445 -0.000753617 
0.462593 -0.88628 -0.00303993 5.41321 2.91643 0.0761499 
0 0 0 0 0 0 


0.501021 -0.865032 4.34184e-05 5.44154 3.14901 -0.00216356 
0.500351 -0.864837 -0.0021394 5.28675 3.15355 0.189986 
0 0 0 0 0 0 


0.527975 -0.848862 2.87637e-05 5.33872 3.31856 -0.00377465 
0.526702 -0.848679 -0.000879374 5.27859 3.30606 0.320205 
0 0 0 0 0 0 


0.544552 -0.838328 1.57394e-05 5.27019 3.42301 -0.00430391 
0.543352 -0.838216 0.000220493 5.39885 3.38879 0.362894 
0 0 0 0 0 0 


0.560911 -0.82747 4.69788e-06 5.19955 3.52601 -0.00235944 
0.560462 -0.827489 0.00115918 5.5233 3.4809 0.205204 
0 0 0 0 0 0 


0.57705 -0.816292 1.22808e-06 5.12929 3.62738 -6.62399e-05 
0.577647 -0.816438 0.00148396 5.45207 3.59301 0.019262 
0 0 0 0 0 0 


0.592968 -0.8048 3.01006e-06 5.05782 3.72734 0.00105511 
0.594477 -0.805034 0.00138274 5.31685 3.70456 -0.0717652 
0 0 0 0 0 0 


0.608659 -0.792998 7.18292e-06 4.98434 3.8259 0.00154913 
0.610881 -0.79329 0.00108723 5.18372 3.81123 -0.111984 
0 0 0 0 0 0 


0.62611 -0.779294 1.3128e-05 4.89885 3.93553 0.0017802 
0.628937 -0.779626 0.000652923 5.044 3.92705 -0.130936 
0 0 0 0 0 0 


0.656239 -0.754102 2.46014e-05 4.74133 4.12483 0.00184513 
0.659739 -0.754464 -0.000194888 4.81554 4.12297 -0.136629 
0 0 0 0 0 0 


0.689923 -0.723424 3.75472e-05 4.54918 4.33646 0.00170221 
0.693736 -0.723783 -0.00115241 4.56446 4.33882 -0.125582 
0 0 0 0 0 0 


0.746701 -0.664699 5.66794e-05 4.1809 4.69312 0.00119997 
0.750193 -0.664999 -0.00254879 4.1208 4.69941 -0.0859194 
0 0 0 0 0 0 


0.824217 -0.565839 6.8571e-05 3.56043 5.17988 -0.000185382 
0.825628 -0.565971 -0.00330332 3.4171 5.19051 0.0245797 
0 0 0 0 0 0 


0.856147 -0.516324 6.12243e-05 3.24942 5.38031 -0.00153589 
0.856095 -0.516345 -0.00262255 3.08569 5.39305 0.133119 
0 0 0 0 0 0 


0.874363 -0.484885 4.81158e-05 3.05133 5.49466 -0.00316862 
0.873427 -0.484833 -0.00151195 2.92564 5.50611 0.264832 
0 0 0 0 0 0 


0.883727 -0.467622 3.6224e-05 2.94142 5.55354 -0.00444418 
0.882542 -0.467543 -0.000523639 2.93051 5.55799 0.367856 
0 0 0 0 0 0 


0.889762 -0.456041 2.652e-05 2.86648 5.5916 -0.00466663 
0.888723 -0.455964 0.000278546 3.03184 5.58379 0.385676 
0 0 0 0 0 0 


0.894723 -0.446228 1.92739e-05 2.80291 5.62293 -0.00337822 
0.894119 -0.446176 0.000878777 3.12335 5.60306 0.281147 
0 0 0 0 0 0 


0.899059 -0.437421 1.53601e-05 2.74696 5.65026 -0.00164891 
0.899005 -0.437405 0.00120741 3.11574 5.62552 0.140921 
0 0 0 0 0 0 


0.903308 -0.428571 1.3894e-05 2.69156 5.67698 -0.000320325 
0.903821 -0.428594 0.00133755 3.04246 5.65237 0.0331544 
0 0 0 0 0 0 


0.90747 -0.419681 1.4097e-05 2.63615 5.70313 0.000510957 
0.908503 -0.41974 0.00133224 2.94829 5.68053 -0.0343316 
0 0 0 0 0 0 


0.913231 -0.406986 1.60357e-05 2.55705 5.73932 0.0011608 
0.914893 -0.407093 0.00119063 2.81328 5.72003 -0.0871862 
0 0 0 0 0 0 


0.921047 -0.388974 2.03973e-05 2.44463 5.78839 0.00156647 
0.923405 -0.389134 0.000858227 2.63675 5.7731 -0.120353 
0 0 0 0 0 0 


0.928509 -0.370811 2.55656e-05 2.33107 5.83525 0.0017143 
0.931388 -0.371014 0.000459521 2.47443 5.82304 -0.132638 
0 0 0 0 0 0 


0.941966 -0.335175 3.61002e-05 2.10792 5.91973 0.00172307 
0.945496 -0.335438 -0.000357916 2.18373 5.91178 -0.133959 
0 0 0 0 0 0 


0.955229 -0.295302 4.71679e-05 1.85796 6.00296 0.00157031 
0.959084 -0.295607 -0.00121917 1.88212 5.99828 -0.12227 
0 0 0 0 0 0 


0.97549 -0.219432 6.41047e-05 1.38197 6.13002 0.00111179 
0.979201 -0.219766 -0.00253763 1.33925 6.12995 -0.0864387 
0 0 0 0 0 0 


0.996233 -0.0860388 7.59435e-05 0.544719 6.25978 -0.00014734 
0.998109 -0.08629 -0.00344352 0.42037 6.26793 0.0132475 
0 0 0 0 0 0 


0.999783 -0.0201719 6.87212e-05 0.131211 6.28174 -0.00137134 
1.00018 -0.0203093 -0.00285065 -0.0237311 6.2956 0.111262 
0 0 0 0 0 0 


0.9999 0.0149716 5.77846e-05 -0.0896729 6.28227 -0.0026865 
0.999425 0.0149224 -0.00196544 -0.239532 6.29996 0.21719 
0 0 0 0 0 0 


0.999426 0.0345995 4.74704e-05 -0.213621 6.27919 -0.00402465 
0.998542 0.0346081 -0.00113181 -0.312636 6.29799 0.325246 
0 0 0 0 0 0 


0.998839 0.0488219 3.68895e-05 -0.304749 6.27552 -0.0052884 
0.997863 0.0488695 -0.000276737 -0.258959 6.28942 0.427367 
0 0 0 0 0 0 


0.998313 0.058625 2.85036e-05 -0.369023 6.27238 -0.00508513 
0.997569 0.0586849 0.00040084 -0.10339 6.27217 0.410735 
0 0 0 0 0 0 


0.997687 0.0684228 2.23085e-05 -0.432471 6.26867 -0.00262103 
0.997506 0.0684677 0.000900701 -0.0117528 6.25117 0.210976 
0 0 0 0 0 0 


0.996963 0.0782142 2.00845e-05 -0.493747 6.26422 -0.000438838 
0.997437 0.078226 0.00107864 -0.0926707 6.24102 0.0340516 
0 0 0 0 0 0 


0.996144 0.0879981 2.03553e-05 -0.554457 6.25909 0.000650603 
0.997197 0.0879736 0.00105424 -0.215517 6.23626 -0.0543598 
0 0 0 0 0 0 


0.99523 0.0977735 2.18291e-05 -0.615189 6.25334 0.00117483 
0.996768 0.0977146 0.000932134 -0.332141 6.2323 -0.096989 
0 0 0 0 0 0 


0.994105 0.108613 2.4143e-05 -0.682686 6.24625 0.00145862 
0.996088 0.10852 0.000741382 -0.449003 6.22738 -0.12016 
0 0 0 0 0 0 


0.991781 0.12811 2.90582e-05 -0.804388 6.23161 0.00164303 
0.994388 0.127964 0.000336443 -0.635234 6.21622 -0.135429 
0 0 0 0 0 0 


0.989077 0.147558 3.42452e-05 -0.926012 6.21457 0.00166058 
0.992138 0.147368 -9.15426e-05 -0.802271 6.20208 -0.137182 
0 0 0 0 0 0 


0.982604 0.185889 4.41956e-05 -1.16607 6.17379 0.00153536 
0.986227 0.185637 -0.000916106 -1.10347 6.16589 -0.127693 
0 0 0 0 0 0 


0.973407 0.229294 5.42609e-05 -1.43818 6.11586 0.00130673 
0.977297 0.229001 -0.00175753 -1.42228 6.1122 -0.109917 
0 0 0 0 0 0 


0.952453 0.304957 6.76336e-05 -1.91278 5.98394 0.000817732 
0.956162 0.304659 -0.00289978 -1.95415 5.98659 -0.0716087 
0 0 0 0 0 0 


0.904134 0.427605 7.37977e-05 -2.68229 5.67987 -0.000340918 
0.906191 0.427457 -0.00353422 -2.79651 5.69119 0.0201354 
0 0 0 0 0 0 


0.874408 0.485584 6.52205e-05 -3.04605 5.49286 -0.00144026 
0.875102 0.48557 -0.00292223 -3.19385 5.50681 0.108194 
0 0 0 0 0 0 


0.857036 0.515667 5.43145e-05 -3.23491 5.38361 -0.00264882 
0.85688 0.515729 -0.00208709 -3.39028 5.39644 0.205576 
0 0 0 0 0 0 


0.846762 0.532391 4.41161e-05 -3.34029 5.31907 -0.00403021 
0.84615 0.532486 -0.00128952 -3.46678 5.32629 0.317186 
0 0 0 0 0 0 


0.841342 0.540924 3.67195e-05 -3.39474 5.28511 -0.00523438 
0.840572 0.541024 -0.000705417 -3.45142 5.28251 0.414579 
0 0 0 0 0 0 


0.836534 0.548335 2.85162e-05 -3.44357 5.25517 -0.00631451 
0.835794 0.548418 -5.42671e-05 -3.31225 5.22996 0.501944 
0 0 0 0 0 0 


0.833833 0.552434 2.36598e-05 -3.47164 5.23846 -0.00585885 
0.833268 0.55249 0.00033163 -3.14988 5.19307 0.464966 
0 0 0 0 0 0 


0.83111 0.55652 1.97944e-05 -3.49908 5.22152 -0.00385038 
0.830861 0.556534 0.000637201 -3.0308 5.1635 0.302211 
0 0 0 0 0 0 


0.828366 0.560593 1.76705e-05 -3.52489 5.20428 -0.00169473 
0.828497 0.560561 0.000801653 -3.03731 5.1479 0.127535 
0 0 0 0 0 0 


0.825603 0.564652 1.69338e-05 -3.54988 5.18686 -0.000317229 
0.8261 0.564579 0.000853693 -3.10366 5.13744 0.0158882 
0 0 0 0 0 0 


0.82282 0.568697 1.70205e-05 -3.57467 5.16931 0.000466053 
0.823646 0.568589 0.000838977 -3.17855 5.1268 -0.0476261 
0 0 0 0 0 0 


0.819595 0.573332 1.76878e-05 -3.60316 5.14899 0.000969124 
0.820754 0.573189 0.00077602 -3.25797 5.11301 -0.0884533 
0 0 0 0 0 0 


0.813926 0.58135 1.9573e-05 -3.65268 5.1133 0.00137973 
0.815569 0.581157 0.00060766 -3.37527 5.08562 -0.121848 
0 0 0 0 0 0 


0.808181 0.589311 2.18739e-05 -3.70208 5.07715 0.00154045 
0.810216 0.58908 0.000405418 -3.47352 5.05528 -0.135001 
0 0 0 0 0 0 


0.798295 0.602636 2.60624e-05 -3.78505 5.01498 0.0016058 
0.800853 0.602357 3.88485e-05 -3.61431 4.99992 -0.140519 
0 0 0 0 0 0 


0.786315 0.618191 3.10325e-05 -3.88216 4.93966 0.0015633 
0.789329 0.617873 -0.000396795 -3.75809 4.93013 -0.13734 
0 0 0 0 0 0 


0.766395 0.64273 3.85449e-05 -4.03565 4.81445 0.00141451 
0.769896 0.642382 -0.00106025 -3.96254 4.81113 -0.125704 
0 0 0 0 0 0 


0.74059 0.672318 4.67013e-05 -4.22092 4.65225 0.00119226 
0.744405 0.671966 -0.00179205 -4.19118 4.65447 -0.108204 
0 0 0 0 0 0 


0.68988 0.724289 5.79479e-05 -4.54661 4.33354 0.000746188 
0.693697 0.724009 -0.00284268 -4.5726 4.34307 -0.0729569 
0 0 0 0 0 0 


0.590598 0.80735 6.36674e-05 -5.06729 3.7096 -0.000269387 
0.593089 0.807354 -0.00357906 -5.16787 3.72633 0.00789166 
0 0 0 0 0 0 


0.527175 0.850153 5.44826e-05 -5.33554 3.31108 -0.00137311 
0.528178 0.850358 -0.00300933 -5.47953 3.32592 0.0965709 
0 0 0 0 0 0 


0.494966 0.869315 4.32628e-05 -5.45565 3.10879 -0.00253209 
0.495052 0.869588 -0.00218895 -5.61649 3.1149 0.190127 
0 0 0 0 0 0 


0.477823 0.878862 3.36079e-05 -5.51574 3.00125 -0.00378868 
0.477415 0.879135 -0.00145394 -5.66476 2.99176 0.291752 
0 0 0 0 0 0 


0.467882 0.884199 2.57097e-05 -5.54989 2.93908 -0.00511606 
0.467241 0.884436 -0.000841456 -5.64621 2.90521 0.399181 
0 0 0 0 0 0 


0.460058 0.888298 1.75047e-05 -5.57761 2.89051 -0.00653981 
0.459373 0.888459 -0.000198298 -5.51055 2.80973 0.514436 
0 0 0 0 0 0 


0.455694 0.890546 1.23066e-05 -5.59429 2.8636 -0.00648519 
0.455138 0.890628 0.000210784 -5.31581 2.74236 0.509975 
0 0 0 0 0 0 


0.451317 0.892772 7.97714e-06 -5.61068 2.83631 -0.00427838 
0.451065 0.892751 0.000549484 -5.13439 2.70021 0.331186 
0 0 0 0 0 0 


0.446928 0.894977 5.70073e-06 -5.62483 2.8085 -0.0017071 
0.447068 0.894857 0.000721856 -5.1224 2.69476 0.122876 
0 0 0 0 0 0 


0.442528 0.89716 5.01232e-06 -5.63792 2.78058 -0.000217936 
0.443042 0.896962 0.000765573 -5.18607 2.69255 0.00221691 
0 0 0 0 0 0 


0.438119 0.899322 5.175e-06 -5.6508 2.75267 0.000552517 
0.438963 0.899062 0.000740322 -5.25488 2.68374 -0.0602257 
0 0 0 0 0 0 


0.433699 0.901461 5.78527e-06 -5.66365 2.72476 0.000969532 
0.434834 0.901154 0.000678789 -5.31511 2.66949 -0.0940395 
0 0 0 0 0 0 


0.426162 0.905049 7.33534e-06 -5.68542 2.67726 0.00131382 
0.427717 0.904679 0.000532598 -5.39848 2.63768 -0.121986 
0 0 0 0 0 0 


0.417259 0.909188 9.53151e-06 -5.71078 2.62123 0.00147031 
0.419219 0.908766 0.000330331 -5.47565 2.59344 -0.134731 
0 0 0 0 0 0 


0.404369 0.914995 1.29206e-05 -5.74659 2.54016 0.00152193 
0.406796 0.914523 2.05255e-05 -5.56377 2.52322 -0.139008 
0 0 0 0 0 0 


0.386335 0.922756 1.76256e-05 -5.79471 2.42681 0.001477 
0.389251 0.922247 -0.000409946 -5.6615 2.41924 -0.135497 
0 0 0 0 0 0 


0.360293 0.933236 2.39435e-05 -5.85992 2.26317 0.00134402 
0.363689 0.932713 -0.000992963 -5.77491 2.26388 -0.124899 
0 0 0 0 0 0 


0.323402 0.946658 3.16689e-05 -5.94363 2.0314 0.00112532 
0.327176 0.946164 -0.00171963 -5.90506 2.03929 -0.107406 
0 0 0 0 0 0 


0.259203 0.966221 4.15912e-05 -6.06578 1.62808 0.000726721 
0.263076 0.965854 -0.00269885 -6.08275 1.6432 -0.0754412 
0 0 0 0 0 0 


0.137729 0.990871 4.75602e-05 -6.21963 0.864974 -0.000185544 
0.14048 0.99087 -0.00351408 -6.31392 0.885527 -0.00194465 
0 0 0 0 0 0 


0.0580761 0.998714 3.93065e-05 -6.26829 0.364621 -0.00123592 
0.0593161 0.998965 -0.00306281 -6.41173 0.381967 0.0830181 
0 0 0 0 0 0 


0.0192579 1.00022 2.87391e-05 -6.27745 0.120861 -0.00231077 
0.0195367 1.00055 -0.00231267 -6.44339 0.128502 0.170064 
0 0 0 0 0 0 


-0.000361521 1.0004 2.00047e-05 -6.27863 -0.00221683 -0.00339141 
-0.000605797 1.00074 -0.00165864 -6.44347 -0.00972284 0.257597 
0 0 0 0 0 0 


-0.0133111 1.00031 1.17888e-05 -6.2785 -0.0832558 -0.0047007 
-0.0138695 1.00061 -0.00102844 -6.40806 -0.116761 0.363654 
0 0 0 0 0 0 


-0.0231214 1.00014 3.26656e-06 -6.27895 -0.144265 -0.00627278 
-0.0238053 1.00035 -0.000364853 -6.27995 -0.228281 0.490998 
0 0 0 0 0 0 


-0.0286161 0.999994 -2.50327e-06 -6.2805 -0.178152 -0.00669256 
-0.0292227 1.00011 8.75445e-05 -6.08119 -0.312733 0.525004 
0 0 0 0 0 0 


-0.0336707 0.999838 -7.37391e-06 -6.28228 -0.209546 -0.00501125 
-0.0340204 0.999836 0.000468313 -5.85609 -0.371461 0.388821 
0 0 0 0 0 0 


-0.0385788 0.999662 -1.02331e-05 -6.28199 -0.240603 -0.00238592 
-0.0385581 0.99954 0.000686559 -5.78807 -0.381197 0.176174 
0 0 0 0 0 0 


-0.0434859 0.999462 -1.13657e-05 -6.28029 -0.271779 -0.000685554 
-0.0430904 0.999242 0.000764949 -5.82178 -0.380866 0.0384488 
0 0 0 0 0 0 


-0.0483916 0.999238 -1.1511e-05 -6.27824 -0.30286 0.000219296 
-0.0476584 0.998943 0.000763378 -5.87203 -0.38772 -0.0348391 
0 0 0 0 0 0 


-0.0532957 0.998989 -1.11279e-05 -6.2761 -0.333848 0.000714501 
-0.0522639 0.998635 0.000719008 -5.91671 -0.401405 -0.0749452 
0 0 0 0 0 0 


-0.0616776 0.998508 -9.85393e-06 -6.27232 -0.386699 0.00113296 
-0.0602096 0.998077 0.000593019 -5.97532 -0.434571 -0.10883 
0 0 0 0 0 0 


-0.0714745 0.997855 -7.90267e-06 -6.26757 -0.448374 0.00133349 
-0.0695857 0.997362 0.00040832 -6.02311 -0.481821 -0.12506 
0 0 0 0 0 0 


-0.0849813 0.996797 -4.91046e-06 -6.2603 -0.533322 0.00141978 
-0.082624 0.996246 0.000129215 -6.06712 -0.554268 -0.132028 
0 0 0 0 0 0 


-0.104526 0.994938 -4.69564e-07 -6.248 -0.656171 0.00140719 
-0.10165 0.994341 -0.000283648 -6.10589 -0.66615 -0.130972 
0 0 0 0 0 0 


-0.130455 0.991872 5.19557e-06 -6.22819 -0.819089 0.0013111 
-0.127091 0.991253 -0.000813019 -6.13264 -0.820407 -0.12313 
0 0 0 0 0 0 


-0.169268 0.98599 1.28089e-05 -6.19067 -1.06293 0.00112065 
-0.165468 0.985388 -0.00153518 -6.14359 -1.05675 -0.107593 
0 0 0 0 0 0 


-0.229269 0.973785 2.21545e-05 -6.11341 -1.43984 0.000791586 
-0.225283 0.973277 -0.00245513 -6.11935 -1.42753 -0.0807127 
0 0 0 0 0 0 


-0.340559 0.940644 3.01868e-05 -5.90444 -2.13898 3.19229e-05 
-0.337401 0.940416 -0.00340751 -5.98537 -2.12189 -0.0185782 
0 0 0 0 0 0 


-0.429608 0.903427 2.32424e-05 -5.67005 -2.69845 -0.00108491 
-0.428152 0.90347 -0.00308598 -5.81216 -2.68103 0.0725483 
0 0 0 0 0 0 


-0.466441 0.884957 1.30416e-05 -5.55375 -2.92985 -0.00216313 
-0.466012 0.885105 -0.00235926 -5.72403 -2.91615 0.16021 
0 0 0 0 0 0 


-0.483705 0.875631 4.80688e-06 -5.49514 -3.03825 -0.00322044 
-0.483821 0.875814 -0.00173888 -5.67036 -3.0318 0.246015 
0 0 0 0 0 0 


-0.494828 0.869389 -2.91976e-06 -5.45624 -3.10798 -0.00452105 
-0.495283 0.869573 -0.00114306 -5.60732 -3.11553 0.351473 
0 0 0 0 0 0 


-0.50333 0.864491 -1.12625e-05 -5.42683 -3.16101 -0.00629372 
-0.503958 0.864642 -0.00049025 -5.46769 -3.2008 0.495146 
0 0 0 0 0 0 


-0.507776 0.861887 -1.68291e-05 -5.41275 -3.18847 -0.00713516 
-0.508371 0.861991 -5.13497e-05 -5.26701 -3.26639 0.563348 
0 0 0 0 0 0 


-0.510501 0.860276 -2.03598e-05 -5.40483 -3.20525 -0.00666302 
-0.510979 0.860334 0.000227283 -5.07905 -3.31017 0.525133 
0 0 0 0 0 0 


-0.513413 0.858543 -2.34939e-05 -5.3958 -3.22338 -0.00479262 
-0.513668 0.85854 0.000473297 -4.91747 -3.33994 0.37366 
0 0 0 0 0 0 


-0.515519 0.857281 -2.50522e-05 -5.38834 -3.23666 -0.00321539 
-0.515578 0.857234 0.000593844 -4.87197 -3.34765 0.245927 
0 0 0 0 0 0 


-0.517622 0.856014 -2.6047e-05 -5.38032 -3.24999 -0.00194056 
-0.51748 0.855926 0.000668758 -4.86942 -3.35032 0.142688 
0 0 0 0 0 0 


-0.521379 0.853734 -2.68454e-05 -5.36541 -3.2738 -0.000495038 
-0.520895 0.853582 0.000723301 -4.90271 -3.35492 0.0256403 
0 0 0 0 0 0 


-0.525564 0.851166 -2.68685e-05 -5.34856 -3.30026 0.000343183 
-0.524742 0.850957 0.000713898 -4.94425 -3.36509 -0.0422108 
0 0 0 0 0 0 


-0.529736 0.848577 -2.6409e-05 -5.33171 -3.32659 0.000789559 
-0.528618 0.848322 0.000665437 -4.97606 -3.37979 -0.078322 
0 0 0 0 0 0 


-0.535555 0.844919 -2.53458e-05 -5.30809 -3.36325 0.00111541 
-0.534078 0.844612 0.000563635 -5.00527 -3.40507 -0.104652 
0 0 0 0 0 0 


-0.543822 0.839623 -2.34182e-05 -5.27417 -3.41528 0.00131959 
-0.541918 0.83926 0.000385228 -5.02595 -3.44643 -0.121099 
0 0 0 0 0 0 


-0.554163 0.832835 -2.0718e-05 -5.23096 -3.48032 0.00140429 
-0.55182 0.83242 0.000138646 -5.03114 -3.50283 -0.12784 
0 0 0 0 0 0 


-0.570401 0.821799 -1.63098e-05 -5.16102 -3.58239 0.00140099 
-0.567521 0.821328 -0.000262165 -5.01364 -3.59648 -0.127381 
0 0 0 0 0 0 


-0.591654 0.806631 -1.06505e-05 -5.06521 -3.71594 0.00131436 
-0.588265 0.806117 -0.000777793 -4.96464 -3.72345 -0.120099 
0 0 0 0 0 0 


-0.622845 0.782791 -2.97203e-06 -4.91493 -3.91193 0.00113847 
-0.618987 0.782249 -0.00148368 -4.86205 -3.91386 -0.105435 
0 0 0 0 0 0 


-0.666644 0.745829 6.14409e-06 -4.68225 -4.18714 0.000856322 
-0.662535 0.745291 -0.00233979 -4.6774 -4.18477 -0.0819328 
0 0 0 0 0 0 


-0.738595 0.674605 1.55396e-05 -4.23424 -4.63931 0.000287485 
-0.734927 0.674141 -0.00329361 -4.29123 -4.63279 -0.0346057 
0 0 0 0 0 0 


-0.808544 0.588874 1.31084e-05 -3.69509 -5.07906 -0.000672657 
-0.806428 0.588568 -0.00328316 -3.81595 -5.06691 0.0446649 
0 0 0 0 0 0 


-0.838142 0.545871 4.04439e-06 -3.42456 -5.26523 -0.00163185 
-0.837183 0.545687 -0.00262752 -3.58361 -5.24749 0.123105 
0 0 0 0 0 0 


-0.85219 0.523636 -4.71634e-06 -3.28466 -5.35365 -0.0026858 
-0.851942 0.523536 -0.0019551 -3.46451 -5.33082 0.208859 
0 0 0 0 0 0 


-0.859395 0.511708 -1.18169e-05 -3.20974 -5.39901 -0.00384765 
-0.859551 0.511662 -0.00139901 -3.39024 -5.37219 0.303174 
0 0 0 0 0 0 


-0.863924 0.50401 -1.82201e-05 -3.16181 -5.42753 -0.00532214 
-0.864321 0.504005 -0.000892317 -3.30897 -5.39829 0.422741 
0 0 0 0 0 0 


-0.866384 0.499764 -2.2888e-05 -3.1361 -5.44299 -0.00672217 
-0.866871 0.499782 -0.000520717 -3.2047 -5.41511 0.536216 
0 0 0 0 0 0 


-0.868472 0.496124 -2.78652e-05 -3.11577 -5.45597 -0.00809613 
-0.868948 0.496157 -0.000123072 -2.97682 -5.43965 0.64757 
0 0 0 0 0 0 


-0.869687 0.493991 -3.10292e-05 -3.10523 -5.46336 -0.00780149 
-0.870065 0.494028 0.00013001 -2.732 -5.46638 0.623741 
0 0 0 0 0 0 


-0.870898 0.491856 -3.36821e-05 -3.09425 -5.47068 -0.00551263 
-0.871086 0.491886 0.000341707 -2.52165 -5.49708 0.438379 
0 0 0 0 0 0 


-0.872104 0.489717 -3.52953e-05 -3.08131 -5.47809 -0.00286595 
-0.872056 0.489735 0.000469199 -2.46822 -5.51667 0.224035 
0 0 0 0 0 0 


-0.873305 0.487576 -3.60485e-05 -3.06737 -5.48559 -0.00114443 
-0.873025 0.487577 0.000527047 -2.49465 -5.52687 0.0846287 
0 0 0 0 0 0 


-0.874501 0.485432 -3.62839e-05 -3.05324 -5.4931 -0.000151008 
-0.874007 0.485417 0.000542976 -2.53434 -5.53355 0.00419859 
0 0 0 0 0 0 


-0.875691 0.483285 -3.62184e-05 -3.03916 -5.50059 0.00043829 
-0.875004 0.483254 0.000534534 -2.56914 -5.53922 -0.0434976 
0 0 0 0 0 0 


-0.877607 0.4798 -3.57545e-05 -3.0165 -5.51265 0.000966601 
-0.876644 0.479746 0.000491917 -2.61002 -5.54813 -0.0862308 
0 0 0 0 0 0 


-0.879953 0.475487 -3.48599e-05 -2.9887 -5.52741 0.00128429 
-0.878696 0.475408 0.000413284 -2.64003 -5.55948 -0.111889 
0 0 0 0 0 0 


-0.882277 0.471163 -3.37889e-05 -2.96102 -5.54204 0.00143974 
-0.880765 0.47106 0.000320423 -2.65528 -5.57131 -0.124407 
0 0 0 0 0 0 


-0.88686 0.462481 -3.14273e-05 -2.90575 -5.57087 0.00155573 
-0.884921 0.462335 0.000117079 -2.66034 -5.59592 -0.133652 
0 0 0 0 0 0 


-0.891357 0.453755 -2.8978e-05 -2.85043 -5.59915 0.00156986 
-0.889069 0.453572 -9.31311e-05 -2.64636 -5.62114 -0.134647 
0 0 0 0 0 0 


-0.899834 0.436701 -2.4296e-05 -2.74266 -5.65245 0.00150886 
-0.897015 0.436458 -0.000494628 -2.5924 -5.6703 -0.129412 
0 0 0 0 0 0 


-0.908723 0.417884 -1.94649e-05 -2.62399 -5.70834 0.00140552 
-0.905475 0.417588 -0.000909242 -2.51273 -5.72313 -0.120718 
0 0 0 0 0 0 


-0.924417 0.381894 -1.13297e-05 -2.39733 -5.80702 0.00119791 
-0.920636 0.381518 -0.0016092 -2.33464 -5.81797 -0.10328 
0 0 0 0 0 0 


-0.94268 0.334235 -2.66889e-06 -2.09745 -5.92189 0.000935474 
-0.93857 0.333784 -0.00235816 -2.07632 -5.92948 -0.0811974 
0 0 0 0 0 0 


-0.967371 0.253943 6.97808e-06 -1.59249 -6.07727 0.000503028 
-0.963316 0.253422 -0.00320283 -1.61946 -6.08035 -0.0447746 
0 0 0 0 0 0 


-0.993425 0.115125 8.52411e-06 -0.719526 -6.24154 -0.00045963 
-0.99076 0.114638 -0.00339173 -0.817862 -6.23415 0.0356075 
0 0 0 0 0 0 


-0.998612 0.0533077 3.06204e-07 -0.330607 -6.2745 -0.00131113 
-0.99712 0.0529357 -0.00273685 -0.473057 -6.25744 0.105643 
0 0 0 0 0 0 


-0.999754 0.0226991 -8.03041e-06 -0.137897 -6.28194 -0.00222856 
-0.999033 0.0224316 -0.00206304 -0.313377 -6.25484 0.180478 
0 0 0 0 0 0 


-0.999972 0.007581 -1.44178e-05 -0.0426595 -6.2835 -0.00319522 
-0.999697 0.0073896 -0.00154543 -0.238953 -6.24626 0.259035 
0 0 0 0 0 0 


-0.999992 -0.00154999 -1.98316e-05 0.0148052 -6.28382 -0.0044033 
-1.00001 -0.00167948 -0.00110648 -0.189474 -6.23447 0.357045 
0 0 0 0 0 0 


-0.999968 -0.00645924 -2.37224e-05 0.0454927 -6.28384 -0.00569066 
-1.00014 -0.00654584 -0.000790994 -0.146049 -6.22223 0.461405 
0 0 0 0 0 0 


-0.999941 -0.00957661 -2.68789e-05 0.0645384 -6.28385 -0.00717127 
-1.0002 -0.00962963 -0.000535079 -0.0828049 -6.20902 0.581388 
0 0 0 0 0 0 


-0.999913 -0.0120312 -3.00359e-05 0.078379 -6.28387 -0.00914435 
-1.00021 -0.0120521 -0.000279149 0.0606117 -6.19355 0.741249 
0 0 0 0 0 0 


-0.999891 -0.0137127 -3.26963e-05 0.0855655 -6.28381 -0.0105869 
-1.00016 -0.0137082 -6.35069e-05 0.344667 -6.1876 0.858122 
0 0 0 0 0 0 


-0.999879 -0.0145595 -3.41144e-05 0.0878671 -6.28359 -0.0101986 
-1.0001 -0.0145427 5.1441e-05 0.594474 -6.19858 0.826688 
0 0 0 0 0 0 


-0.999869 -0.0152836 -3.52003e-05 0.0899065 -6.28324 -0.00842932 
-1.00002 -0.0152582 0.00013947 0.802288 -6.22173 0.683387 
0 0 0 0 0 0 


-0.99986 -0.015934 -3.59556e-05 0.0927354 -6.28286 -0.00612931 
-0.99993 -0.0159035 0.000200709 0.90822 -6.247 0.497097 
0 0 0 0 0 0 


-0.99985 -0.0165475 -3.6452e-05 0.0963345 -6.28255 -0.00410207 
-0.99984 -0.0165146 0.00024098 0.932792 -6.2672 0.332901 
0 0 0 0 0 0 


-0.999841 -0.017161 -3.6772e-05 0.100452 -6.28231 -0.00253147 
-0.999749 -0.0171274 0.000266962 0.915389 -6.28172 0.205693 
0 0 0 0 0 0 


-0.999821 -0.0183696 -3.70535e-05 0.109009 -6.28197 -0.000606208 
-0.99958 -0.0183377 0.00028989 0.844942 -6.29791 0.0497676 
0 0 0 0 0 0 


-0.999798 -0.0195965 -3.70615e-05 0.117665 -6.28173 0.000419504 
-0.999422 -0.0195686 0.000290672 0.776029 -6.30542 -0.0332941 
0 0 0 0 0 0 


-0.999775 -0.0208234 -3.69184e-05 0.126146 -6.28153 0.000994908 
-0.999276 -0.0208005 0.000279213 0.721201 -6.30897 -0.079881 
0 0 0 0 0 0 


-0.999749 -0.0220502 -3.66875e-05 0.134475 -6.28134 0.00134125 
-0.999139 -0.0220329 0.000260657 0.678695 -6.31066 -0.107914 
0 0 0 0 0 0 


-0.999696 -0.0243934 -3.61125e-05 0.150087 -6.28098 0.00169523 
-0.998897 -0.0243873 0.000214354 0.621481 -6.31159 -0.136546 
0 0 0 0 0 0 


-0.999634 -0.0268468 -3.54127e-05 0.166169 -6.28059 0.00186583 
-0.998663 -0.0268527 0.000157986 0.583019 -6.31124 -0.150323 
0 0 0 0 0 0 


-0.999544 -0.0300606 -3.44298e-05 0.186996 -6.28002 0.00195991 
-0.998373 -0.030082 7.87978e-05 0.551977 -6.31003 -0.157889 
0 0 0 0 0 0 


-0.999386 -0.0349665 -3.28814e-05 0.218496 -6.27903 0.00199036 
-0.997952 -0.0350108 -4.59187e-05 0.528338 -6.30768 -0.160272 
0 0 0 0 0 0 


-0.999203 -0.0398715 -3.13328e-05 0.249793 -6.27789 0.00196925 
-0.997543 -0.0399377 -0.000170583 0.520698 -6.30516 -0.158478 
0 0 0 0 0 0 


-0.99879 -0.0491394 -2.84818e-05 0.308648 -6.27533 0.00188809 
-0.996771 -0.0492441 -0.000399875 0.528879 -6.30024 -0.151746 
0 0 0 0 0 0 


-0.99826 -0.0589421 -2.56076e-05 0.370691 -6.27202 0.0017908 
-0.995926 -0.059084 -0.000630696 0.55453 -6.29484 -0.143699 
0 0 0 0 0 0 


-0.996923 -0.0783339 -2.03523e-05 0.493126 -6.26368 0.0016105 
-0.994101 -0.078541 -0.00105167 0.629401 -6.28318 -0.128763 
0 0 0 0 0 0 


-0.995151 -0.0982824 -1.54824e-05 0.618876 -6.25259 0.0014489 
-0.991949 -0.0985472 -0.00144021 0.722694 -6.26938 -0.115333 
0 0 0 0 0 0 


-0.990515 -0.137275 -7.28693e-06 0.864426 -6.22358 0.00118242 
-0.986806 -0.137631 -0.00208928 0.925919 -6.23606 -0.0930807 
0 0 0 0 0 0 


-0.981606 -0.190726 1.54631e-06 1.20079 -6.16777 0.000873171 
-0.977543 -0.191168 -0.00277756 1.22386 -6.17528 -0.0671137 
0 0 0 0 0 0 


-0.960581 -0.277736 1.06451e-05 1.74816 -6.03596 0.000404513 
-0.956528 -0.27823 -0.00345238 1.7256 -6.0359 -0.0276557 
0 0 0 0 0 0 


-0.914028 -0.405303 1.06203e-05 2.55073 -5.74396 -0.000485958 
-0.911158 -0.405667 -0.00331599 2.46065 -5.73161 0.0466595 
0 0 0 0 0 0 


-0.887818 -0.459814 2.67739e-06 2.89392 -5.57954 -0.00125923 
-0.886024 -0.460027 -0.0025979 2.75623 -5.56006 0.110221 
0 0 0 0 0 0 


-0.874155 -0.48525 -4.69141e-06 3.05428 -5.49385 -0.00204767 
-0.873076 -0.485363 -0.00196226 2.87692 -5.46953 0.174515 
0 0 0 0 0 0 


-0.866607 -0.498583 -1.06377e-05 3.13852 -5.44652 -0.0029442 
-0.866001 -0.498633 -0.00145924 2.92569 -5.41874 0.247358 
0 0 0 0 0 0 


-0.862334 -0.505927 -1.52454e-05 3.18505 -5.41973 -0.00400744 
-0.862034 -0.505937 -0.00107393 2.94175 -5.38999 0.333605 
0 0 0 0 0 0 


-0.859948 -0.509965 -1.86388e-05 3.21069 -5.40476 -0.00523381 
-0.859838 -0.509953 -0.000792329 2.94606 -5.37527 0.433008 
0 0 0 0 0 0 


-0.858691 -0.512074 -2.09009e-05 3.22404 -5.39684 -0.00646917 
-0.858686 -0.512052 -0.000605546 2.95175 -5.37007 0.533109 
0 0 0 0 0 0 


-0.857865 -0.513455 -2.27233e-05 3.23262 -5.39158 -0.00791179 
-0.857929 -0.513426 -0.000455598 2.96845 -5.37103 0.649984 
0 0 0 0 0 0 


-0.857268 -0.514449 -2.43375e-05 3.2384 -5.38767 -0.00975583 
-0.857378 -0.514418 -0.000323163 3.01271 -5.38008 0.799368 
0 0 0 0 0 0 


-0.856952 -0.514975 -2.53625e-05 3.24095 -5.38549 -0.0113366 
-0.857081 -0.514944 -0.000239247 3.07754 -5.39422 0.927421 
0 0 0 0 0 0 


-0.856635 -0.515501 -2.65763e-05 3.24224 -5.38305 -0.0136607 
-0.856774 -0.515472 -0.000140034 3.24389 -5.42888 1.11568 
0 0 0 0 0 0 


-0.856387 -0.515914 -2.77029e-05 3.24059 -5.38065 -0.0155701 
-0.856514 -0.51589 -4.80774e-05 3.59014 -5.49481 1.27035 
0 0 0 0 0 0 


-0.856255 -0.516132 -2.83348e-05 3.23799 -5.37913 -0.0153076 
-0.856362 -0.516114 3.48497e-06 3.91336 -5.55049 1.24909 
0 0 0 0 0 0 


-0.856176 -0.516263 -2.8695e-05 3.23619 -5.37821 -0.0140317 
-0.856264 -0.51625 3.28786e-05 4.12703 -5.58375 1.14574 
0 0 0 0 0 0 


-0.856067 -0.516444 -2.91187e-05 3.23456 -5.37716 -0.0109361 
-0.856121 -0.516439 6.75113e-05 4.3526 -5.61295 0.895004 
0 0 0 0 0 0 


-0.855988 -0.516576 -2.93543e-05 3.23443 -5.37659 -0.00838184 
-0.856013 -0.516576 8.68216e-05 4.43071 -5.61789 0.688111 
0 0 0 0 0 0 


-0.855909 -0.516707 -2.95302e-05 3.23505 -5.37615 -0.00609491 
-0.855905 -0.516713 0.000101294 4.44788 -5.61283 0.502871 
0 0 0 0 0 0 


-0.855812 -0.516868 -2.96784e-05 3.23642 -5.37569 -0.00388373 
-0.855772 -0.516881 0.000113569 4.42076 -5.59998 0.323769 
0 0 0 0 0 0 


-0.855654 -0.517131 -2.98051e-05 3.23912 -5.37497 -0.0015174 
-0.855558 -0.517154 0.000124279 4.33732 -5.57609 0.1321 
0 0 0 0 0 0 


-0.855496 -0.517393 -2.98422e-05 3.24184 -5.37423 -0.000121484 
-0.855348 -0.517426 0.000127737 4.25185 -5.555 0.0190353 
0 0 0 0 0 0 


-0.855338 -0.517656 -2.98255e-05 3.24443 -5.37343 0.000740915 
-0.855142 -0.517697 0.000126832 4.178 -5.53773 -0.0508146 
0 0 0 0 0 0 


-0.855179 -0.517918 -2.97747e-05 3.24686 -5.37259 0.00130172 
-0.85494 -0.517967 0.000123167 4.11634 -5.52362 -0.0962356 
0 0 0 0 0 0 


-0.854919 -0.518348 -2.96458e-05 3.25058 -5.37116 0.00186422 
-0.854613 -0.518408 0.00011346 4.03635 -5.5054 -0.141791 
0 0 0 0 0 0 


-0.854601 -0.518872 -2.94435e-05 3.25482 -5.36934 0.00224005 
-0.854223 -0.518945 9.79733e-05 3.9638 -5.48865 -0.172224 
0 0 0 0 0 0 


-0.854283 -0.519397 -2.92136e-05 3.25883 -5.36747 0.00244781 
-0.853839 -0.51948 8.02565e-05 3.9093 -5.47567 -0.189044 
0 0 0 0 0 0 


-0.853825 -0.520151 -2.88571e-05 3.26435 -5.36473 0.00260328 
-0.853293 -0.520249 5.26746e-05 3.85098 -5.46103 -0.201624 
0 0 0 0 0 0 


-0.853186 -0.521199 -2.83387e-05 3.27172 -5.36085 0.00268848 
-0.852547 -0.521314 1.24924e-05 3.7941 -5.44542 -0.208508 
0 0 0 0 0 0 


-0.852547 -0.522245 -2.78111e-05 3.27887 -5.35693 0.00270683 
-0.85181 -0.522377 -2.8431e-05 3.75402 -5.43301 -0.209977 
0 0 0 0 0 0 


-0.851385 -0.524138 -2.68583e-05 3.29152 -5.34976 0.00267547 
-0.850492 -0.524294 -0.000102325 3.70559 -5.41504 -0.207404 
0 0 0 0 0 0 


-0.850097 -0.526226 -2.58257e-05 3.30522 -5.34175 0.00260893 
-0.849052 -0.526406 -0.000182322 3.6724 -5.39888 -0.20198 
0 0 0 0 0 0 


-0.848414 -0.528936 -2.4525e-05 3.32278 -5.33126 0.00251362 
-0.847194 -0.529143 -0.000282919 3.6465 -5.38092 -0.194214 
0 0 0 0 0 0 


-0.845807 -0.533095 -2.26162e-05 3.34949 -5.31497 0.00237559 
-0.844354 -0.533337 -0.000430168 3.62697 -5.35679 -0.182963 
0 0 0 0 0 0 


-0.84289 -0.537696 -2.06155e-05 3.37885 -5.2967 0.00224214 
-0.841212 -0.537972 -0.000583993 3.62064 -5.33252 -0.172076 
0 0 0 0 0 0 


-0.83757 -0.545946 -1.72722e-05 3.43125 -5.26334 0.00204535 
-0.835551 -0.546272 -0.000839793 3.62941 -5.29188 -0.155998 
0 0 0 0 0 0 


-0.831623 -0.55496 -1.39097e-05 3.48831 -5.22603 0.00187355 
-0.829293 -0.55533 -0.00109539 3.65406 -5.24916 -0.141931 
0 0 0 0 0 0 


-0.820562 -0.571184 -8.45064e-06 3.59078 -5.15659 0.00163192 
-0.81778 -0.571615 -0.00150644 3.717 -5.17303 -0.122085 
0 0 0 0 0 0 


-0.806288 -0.591153 -2.54513e-06 3.71671 -5.06697 0.00140121 
-0.803082 -0.591636 -0.00194467 3.81008 -5.07766 -0.10306 
0 0 0 0 0 0 


-0.782441 -0.622357 5.27732e-06 3.91332 -4.9172 0.00111369 
-0.778771 -0.622886 -0.0025114 3.97076 -4.92129 -0.0792446 
0 0 0 0 0 0 


-0.741259 -0.670851 1.46017e-05 4.21867 -4.65854 0.0007393 
-0.737223 -0.671379 -0.00315147 4.23559 -4.65466 -0.0480992 
0 0 0 0 0 0 


-0.666031 -0.745547 2.22531e-05 4.68891 -4.186 0.000161799 
-0.662167 -0.74592 -0.00356154 4.65249 -4.17199 -6.05794e-05 
0 0 0 0 0 0 


-0.579468 -0.814604 1.8555e-05 5.12385 -3.64222 -0.000665049 
-0.576776 -0.814659 -0.00302163 5.02264 -3.62089 0.0680704 
0 0 0 0 0 0 


-0.538091 -0.842488 1.06439e-05 5.29978 -3.38226 -0.00142466 
-0.536382 -0.84237 -0.00226625 5.14805 -3.36104 0.13006 
0 0 0 0 0 0 


-0.518068 -0.854936 4.02708e-06 5.37858 -3.25641 -0.00220199 
-0.517003 -0.854746 -0.00167491 5.18288 -3.24019 0.193229 
0 0 0 0 0 0 


-0.507354 -0.861331 -1.10547e-06 5.41929 -3.18899 -0.00308016 
-0.506715 -0.861117 -0.00122957 5.18212 -3.18306 0.264465 
0 0 0 0 0 0 


-0.5015 -0.864749 -4.89953e-06 5.44124 -3.15201 -0.0040765 
-0.501135 -0.864536 -0.000906078 5.16636 -3.16288 0.345226 
0 0 0 0 0 0 


-0.498202 -0.866652 -7.66946e-06 5.45359 -3.131 -0.00519756 
-0.498012 -0.866451 -0.000672605 5.14706 -3.16659 0.436062 
0 0 0 0 0 0 


-0.496219 -0.867787 -9.76764e-06 5.46101 -3.11811 -0.00648974 
-0.496145 -0.867605 -0.000497178 5.1314 -3.18941 0.540747 
0 0 0 0 0 0 


-0.495152 -0.868395 -1.11451e-05 5.46494 -3.11091 -0.00771806 
-0.495144 -0.868231 -0.000382654 5.12652 -3.22323 0.640251 
0 0 0 0 0 0 


-0.494335 -0.868859 -1.24054e-05 5.46776 -3.10501 -0.00928934 
-0.494377 -0.868716 -0.000278316 5.13775 -3.28038 0.767533 
0 0 0 0 0 0 


-0.493801 -0.869162 -1.33883e-05 5.46922 -3.10065 -0.0109626 
-0.493874 -0.86904 -0.000197232 5.17632 -3.35832 0.903073 
0 0 0 0 0 0 


-0.493387 -0.869397 -1.42875e-05 5.46953 -3.09654 -0.0129167 
-0.493479 -0.869298 -0.000123254 5.27177 -3.47816 1.06135 
0 0 0 0 0 0 


-0.49312 -0.869548 -1.49561e-05 5.46857 -3.09312 -0.0144796 
-0.493219 -0.869471 -6.83584e-05 5.42805 -3.61754 1.18796 
0 0 0 0 0 0 


-0.492876 -0.869686 -1.56278e-05 5.46568 -3.08917 -0.0153456 
-0.49297 -0.869637 -1.3274e-05 5.73288 -3.81136 1.2581 
0 0 0 0 0 0 


-0.492743 -0.869762 -1.5997e-05 5.46299 -3.08693 -0.014686 
-0.492827 -0.869731 1.70013e-05 5.99031 -3.92446 1.20468 
0 0 0 0 0 0 


-0.492604 -0.86984 -1.6345e-05 5.45995 -3.08517 -0.0124584 
-0.492671 -0.869832 4.5572e-05 6.2766 -3.99534 1.02424 
0 0 0 0 0 0 


-0.492464 -0.869919 -1.66221e-05 5.45788 -3.08444 -0.00907124 
-0.492507 -0.869934 6.84024e-05 6.48558 -3.98196 0.749883 
0 0 0 0 0 0 


-0.492331 -0.869994 -1.6804e-05 5.4573 -3.08447 -0.00592297 
-0.492348 -0.870031 8.35085e-05 6.57149 -3.91123 0.494875 
0 0 0 0 0 0 


-0.492198 -0.87007 -1.69171e-05 5.45768 -3.08469 -0.0034691 
-0.492187 -0.870125 9.30378e-05 6.57993 -3.82439 0.296113 
0 0 0 0 0 0 


-0.492064 -0.870145 -1.69792e-05 5.45851 -3.08484 -0.00171845 
-0.492027 -0.870217 9.84339e-05 6.55134 -3.74351 0.154311 
0 0 0 0 0 0 


-0.491931 -0.87022 -1.70053e-05 5.45951 -3.08484 -0.000492353 
-0.491867 -0.870308 0.000100918 6.50942 -3.67475 0.0549986 
0 0 0 0 0 0 


-0.491756 -0.870319 -1.70024e-05 5.46085 -3.08462 0.000591321 
-0.49166 -0.870424 0.000101171 6.45144 -3.60226 -0.0327773 
0 0 0 0 0 0 


-0.49149 -0.870469 -1.6947e-05 5.4628 -3.08393 0.00158305 
-0.491347 -0.870598 9.74162e-05 6.37147 -3.52057 -0.113105 
0 0 0 0 0 0 


-0.491223 -0.87062 -1.68546e-05 5.46458 -3.08295 0.00214949 
-0.491038 -0.870768 9.06762e-05 6.30546 -3.46203 -0.158984 
0 0 0 0 0 0 


-0.490956 -0.870771 -1.67406e-05 5.4662 -3.08179 0.00249417 
-0.490731 -0.870936 8.21785e-05 6.25143 -3.4181 -0.1869 
0 0 0 0 0 0 


-0.49063 -0.870954 -1.65837e-05 5.46803 -3.08022 0.00275037 
-0.49036 -0.871139 7.03728e-05 6.1979 -3.37722 -0.20765 
0 0 0 0 0 0 


-0.490096 -0.871255 -1.6303e-05 5.47078 -3.07741 0.00296908 
-0.489759 -0.871466 4.91139e-05 6.13071 -3.32865 -0.22536 
0 0 0 0 0 0 


-0.489562 -0.871555 -1.60077e-05 5.47331 -3.07444 0.00306558 
-0.489162 -0.871789 2.66716e-05 6.08042 -3.29367 -0.233172 
0 0 0 0 0 0 


-0.488883 -0.871936 -1.56243e-05 5.47634 -3.07052 0.00310769 
-0.488411 -0.872196 -2.50939e-06 6.03197 -3.2605 -0.236576 
0 0 0 0 0 0 


-0.487813 -0.872535 -1.50175e-05 5.48083 -3.06418 0.00309638 
-0.487239 -0.872829 -4.87025e-05 5.97709 -3.22264 -0.235651 
0 0 0 0 0 0 


-0.486742 -0.873133 -1.4417e-05 5.48512 -3.0577 0.00304911 
-0.486076 -0.873455 -9.43785e-05 5.93794 -3.19457 -0.231812 
0 0 0 0 0 0 


-0.48507 -0.874063 -1.35019e-05 5.49158 -3.04747 0.002956 
-0.484273 -0.874423 -0.000163876 5.89487 -3.16117 -0.224255 
0 0 0 0 0 0 


-0.482923 -0.875251 -1.2371e-05 5.4996 -3.0342 0.00283571 
-0.481978 -0.875651 -0.000249549 5.85796 -3.12822 -0.214492 
0 0 0 0 0 0 


-0.480601 -0.876528 -1.12001e-05 5.50806 -3.01978 0.00271727 
-0.479513 -0.876965 -0.000337972 5.83113 -3.09923 -0.204878 
0 0 0 0 0 0 


-0.476292 -0.878877 -9.15238e-06 5.52339 -2.99289 0.00253167 
-0.474971 -0.879368 -0.000491932 5.80061 -3.0546 -0.189806 
0 0 0 0 0 0 


-0.471928 -0.881228 -7.21685e-06 5.53857 -2.96559 0.00237913 
-0.470401 -0.881763 -0.000636655 5.78353 -3.01562 -0.177412 
0 0 0 0 0 0 


-0.46325 -0.885819 -3.69227e-06 5.56797 -2.91121 0.00214426 
-0.461378 -0.88642 -0.000898184 5.76949 -2.94659 -0.158313 
0 0 0 0 0 0 


-0.454178 -0.890503 -3.6513e-07 5.5978 -2.85428 0.00195814 
-0.452004 -0.891153 -0.00114264 5.76876 -2.88012 -0.143161 
0 0 0 0 0 0 


-0.436598 -0.899251 5.3122e-06 5.65329 -2.74389 0.00169008 
-0.433956 -0.899962 -0.001554 5.78465 -2.7583 -0.121306 
0 0 0 0 0 0 


-0.414742 -0.909534 1.13176e-05 5.71836 -2.6066 0.00144561 
-0.411661 -0.910283 -0.00198019 5.81712 -2.6124 -0.101337 
0 0 0 0 0 0 


-0.37869 -0.92512 1.93638e-05 5.8168 -2.38008 0.00114258 
-0.375114 -0.925875 -0.00253266 5.87883 -2.37705 -0.0765407 
0 0 0 0 0 0 


-0.317948 -0.947704 2.9046e-05 5.95933 -1.99837 0.000747775 
-0.313965 -0.948378 -0.0031499 5.97829 -1.98635 -0.0441999 
0 0 0 0 0 0 


-0.210405 -0.977208 3.68032e-05 6.14557 -1.32254 0.000117206 
-0.206626 -0.977579 -0.00348328 6.10438 -1.30128 0.00733617 
0 0 0 0 0 0 


-0.110391 -0.99348 3.28533e-05 6.24866 -0.694019 -0.000690063 
-0.107764 -0.99347 -0.00288982 6.1423 -0.668865 0.0729603 
0 0 0 0 0 0 


-0.0638111 -0.997554 2.52464e-05 6.27489 -0.401268 -0.00145289 
-0.0621485 -0.997362 -0.00214653 6.11659 -0.37882 0.134798 
0 0 0 0 0 0 


-0.0412454 -0.998741 1.87596e-05 6.28292 -0.259373 -0.00226201 
-0.0402272 -0.99848 -0.00155958 6.07791 -0.245294 0.200348 
0 0 0 0 0 0 


-0.0301494 -0.999138 1.41079e-05 6.28591 -0.189486 -0.00310711 
-0.029526 -0.998861 -0.00115256 6.04011 -0.189335 0.268802 
0 0 0 0 0 0 


-0.0241574 -0.9993 1.07619e-05 6.28737 -0.151596 -0.00401146 
-0.0237841 -0.999032 -0.000865202 6.006 -0.171578 0.342055 
0 0 0 0 0 0 


-0.0203258 -0.999385 8.01457e-06 6.28831 -0.127137 -0.00512941 
-0.0201335 -0.999137 -0.000632235 5.97368 -0.178905 0.432609 
0 0 0 0 0 0 


-0.0179798 -0.99943 5.88065e-06 6.28889 -0.111825 -0.00645349 
-0.0179095 -0.999209 -0.000452999 5.94961 -0.210724 0.539859 
0 0 0 0 0 0 


-0.0167515 -0.999451 4.50983e-06 6.28913 -0.10346 -0.00768519 
-0.0167484 -0.999254 -0.000338617 5.94155 -0.255608 0.639626 
0 0 0 0 0 0 


-0.0157934 -0.999466 3.2278e-06 6.28907 -0.0964159 -0.00928371 
-0.0158428 -0.999298 -0.000232164 5.95409 -0.332685 0.769106 
0 0 0 0 0 0 


-0.0151793 -0.999475 2.24692e-06 6.28855 -0.0912416 -0.010913 
-0.0152595 -0.999335 -0.00015104 6.00094 -0.435443 0.90108 
0 0 0 0 0 0 


-0.0145652 -0.999484 1.07324e-06 6.28638 -0.084625 -0.0131954 
-0.0146667 -0.999387 -5.42995e-05 6.18186 -0.655026 1.08595 
0 0 0 0 0 0 


-0.0142062 -0.999489 2.90865e-07 6.28262 -0.0795247 -0.0138949 
-0.0143058 -0.99943 1.00514e-05 6.48917 -0.883078 1.14261 
0 0 0 0 0 0 


-0.0140344 -0.999491 -8.09619e-08 6.27976 -0.0770551 -0.013111 
-0.0141253 -0.999456 4.06376e-05 6.72164 -0.994532 1.07912 
0 0 0 0 0 0 


-0.0138781 -0.999493 -3.87328e-07 6.27699 -0.0753158 -0.011326 
-0.0139551 -0.999482 6.58797e-05 6.94741 -1.05474 0.934535 
0 0 0 0 0 0 


-0.0136942 -0.999495 -6.76178e-07 6.27446 -0.0742751 -0.00830676 
-0.0137483 -0.999513 8.97783e-05 7.15348 -1.04413 0.689973 
0 0 0 0 0 0 


-0.0135411 -0.999497 -8.47462e-07 6.27335 -0.074057 -0.00577556 
-0.0135724 -0.999537 0.00010407 7.24449 -0.982704 0.484945 
0 0 0 0 0 0 


-0.0133879 -0.999498 -9.6181e-07 6.27298 -0.0740644 -0.00367738 
-0.0133951 -0.99956 0.000113751 7.2754 -0.903012 0.314993 
0 0 0 0 0 0 


-0.013172 -0.999501 -1.04928e-06 6.27315 -0.0740362 -0.00155369 
-0.0131447 -0.99959 0.000121425 7.26282 -0.793777 0.142974 
0 0 0 0 0 0 


-0.0128656 -0.999505 -1.07659e-06 6.27388 -0.0736091 0.000254368 
-0.0127914 -0.999625 0.000124474 7.20571 -0.670188 -0.00347873 
0 0 0 0 0 0 


-0.0125593 -0.999508 -1.03716e-06 6.27468 -0.0727622 0.00126874 
-0.0124411 -0.999656 0.000122116 7.14348 -0.580597 -0.0856431 
0 0 0 0 0 0 


-0.0122529 -0.999512 -9.59267e-07 6.27539 -0.0716252 0.00187283 
-0.0120937 -0.999682 0.000116643 7.08783 -0.514513 -0.134575 
0 0 0 0 0 0 


-0.0119465 -0.999515 -8.57875e-07 6.276 -0.070295 0.00225237 
-0.0117488 -0.999706 0.000109266 7.0401 -0.464067 -0.165317 
0 0 0 0 0 0 


-0.0114714 -0.99952 -6.7287e-07 6.27679 -0.0679885 0.00260078 
-0.0112184 -0.999739 9.55768e-05 6.97943 -0.405705 -0.193539 
0 0 0 0 0 0 


-0.0108584 -0.999527 -4.06281e-07 6.27758 -0.0647449 0.00283092 
-0.0105399 -0.999776 7.56555e-05 6.91882 -0.352061 -0.21218 
0 0 0 0 0 0 


-0.0102454 -0.999533 -1.23761e-07 6.2782 -0.061324 0.00294161 
-0.00986658 -0.999808 5.44436e-05 6.8718 -0.312769 -0.221146 
0 0 0 0 0 0 


-0.0093379 -0.999541 3.06904e-07 6.27892 -0.0560738 0.00300417 
-0.00887744 -0.99985 2.20348e-05 6.81842 -0.26979 -0.226214 
0 0 0 0 0 0 


-0.00811148 -0.999552 8.9476e-07 6.27964 -0.0487788 0.00300576 
-0.00755117 -0.999898 -2.2237e-05 6.76544 -0.227917 -0.226343 
0 0 0 0 0 0 


-0.00688493 -0.999561 1.47869e-06 6.28019 -0.0413557 0.00297014 
-0.00623383 -0.99994 -6.61908e-05 6.72587 -0.196418 -0.223458 
0 0 0 0 0 0 


-0.00466465 -0.999573 2.51282e-06 6.28091 -0.0277471 0.00287773 
-0.00386589 -1 -0.000143902 6.67391 -0.153373 -0.215974 
0 0 0 0 0 0 


-0.00221105 -0.999581 3.61589e-06 6.28146 -0.0125728 0.00277068 
-0.00126723 -1.00005 -0.000226563 6.63339 -0.116912 -0.207303 
0 0 0 0 0 0 


0.00117519 -0.999582 5.07215e-06 6.28197 0.00848681 0.00263514 
0.00229716 -1.00011 -0.000335291 6.59328 -0.0762315 -0.196326 
0 0 0 0 0 0 


0.00608315 -0.999563 7.06358e-06 6.28236 0.0391306 0.00246836 
0.00743131 -1.00015 -0.000483222 6.55266 -0.0272202 -0.18282 
0 0 0 0 0 0 


0.0117766 -0.999512 9.22634e-06 6.28244 0.0747666 0.00230994 
0.0133537 -1.00015 -0.000642895 6.51932 0.0223002 -0.169991 
0 0 0 0 0 0 


0.0215926 -0.999347 1.26603e-05 6.28189 0.136309 0.00209555 
0.0235068 -1.00005 -0.000894314 6.47916 0.0989899 -0.152633 
0 0 0 0 0 0 


0.0334679 -0.999018 1.64266e-05 6.28023 0.210842 0.00189698 
0.0357224 -0.999782 -0.00116705 6.44491 0.184866 -0.13656 
0 0 0 0 0 0 


0.0530866 -0.998167 2.19478e-05 6.27533 0.334057 0.00164901 
0.0557946 -0.998992 -0.00156088 6.40339 0.319531 -0.116498 
0 0 0 0 0 0 


0.0811059 -0.996281 2.86975e-05 6.2639 0.510099 0.0013842 
0.0843024 -0.997148 -0.00203141 6.35673 0.505179 -0.095095 
0 0 0 0 0 0 


0.120184 -0.992325 3.64203e-05 6.23944 0.755673 0.00109815 
0.123847 -0.993196 -0.00255081 6.29775 0.75866 -0.0720121 
0 0 0 0 0 0 


0.187321 -0.981869 4.60627e-05 6.17422 1.17761 0.00069667 
0.191368 -0.982662 -0.00314979 6.18905 1.18826 -0.0397074 
0 0 0 0 0 0 


0.301527 -0.953027 5.29967e-05 5.99359 1.89535 2.75692e-05 
0.305262 -0.953547 -0.00340277 5.94584 1.91309 0.0139318 
0 0 0 0 0 0 


0.390686 -0.920098 4.80511e-05 5.78728 2.45559 -0.000765884 
0.39326 -0.920315 -0.00276214 5.67632 2.47806 0.0775888 
0 0 0 0 0 0 


0.430808 -0.902023 4.03621e-05 5.67426 2.70766 -0.00153064 
0.43244 -0.902075 -0.0020316 5.51063 2.73249 0.139204 
0 0 0 0 0 0 


0.448632 -0.8933 3.44956e-05 5.61995 2.81964 -0.00227783 
0.449684 -0.893273 -0.00150861 5.4116 2.84444 0.199569 
0 0 0 0 0 0 


0.458091 -0.888492 3.00354e-05 5.59023 2.87909 -0.00310683 
0.458759 -0.888424 -0.00112199 5.33916 2.90119 0.266631 
0 0 0 0 0 0 


0.463063 -0.885914 2.69239e-05 5.57448 2.91039 -0.00397228 
0.463491 -0.885828 -0.000856639 5.28571 2.92692 0.336686 
0 0 0 0 0 0 


0.466195 -0.884271 2.4428e-05 5.5646 2.93018 -0.00501471 
0.466452 -0.884179 -0.000646077 5.23882 2.93666 0.421094 
0 0 0 0 0 0 


0.468129 -0.88325 2.24938e-05 5.55859 2.94252 -0.00624218 
0.468267 -0.883158 -0.000484228 5.19991 2.93287 0.520501 
0 0 0 0 0 0 


0.469214 -0.882675 2.11639e-05 5.55524 2.94959 -0.00748678 
0.46928 -0.882586 -0.000373607 5.1742 2.91918 0.621302 
0 0 0 0 0 0 


0.469979 -0.882269 2.00385e-05 5.55284 2.95477 -0.00899822 
0.469991 -0.882186 -0.000280395 5.15894 2.89341 0.743722 
0 0 0 0 0 0 


0.470521 -0.88198 1.90773e-05 5.55096 2.95875 -0.010857 
0.470495 -0.881905 -0.000201089 5.16282 2.85066 0.894281 
0 0 0 0 0 0 


0.470836 -0.881812 1.8416e-05 5.54955 2.96138 -0.0126185 
0.470788 -0.881745 -0.000146682 5.19041 2.79959 1.03696 
0 0 0 0 0 0 


0.471107 -0.881667 1.77467e-05 5.54765 2.96416 -0.01497 
0.471043 -0.88161 -9.17412e-05 5.27019 2.71344 1.22743 
0 0 0 0 0 0 


0.4713 -0.881564 1.71835e-05 5.54502 2.96688 -0.0174029 
0.47123 -0.881517 -4.56083e-05 5.42988 2.59296 1.42449 
0 0 0 0 0 0 


0.471436 -0.881492 1.67353e-05 5.54143 2.96953 -0.0192686 
0.471365 -0.881456 -8.93819e-06 5.68328 2.44799 1.57561 
0 0 0 0 0 0 


0.471536 -0.881437 1.63772e-05 5.53693 2.972 -0.0198558 
0.471471 -0.881412 2.03329e-05 6.01942 2.29985 1.62317 
0 0 0 0 0 0 


0.471604 -0.881401 1.61387e-05 5.53301 2.97366 -0.0189967 
0.471546 -0.881385 3.98372e-05 6.3182 2.20066 1.55359 
0 0 0 0 0 0 


0.471679 -0.881361 1.58976e-05 5.52869 2.97497 -0.0162953 
0.471634 -0.881356 5.95689e-05 6.64766 2.13268 1.33477 
0 0 0 0 0 0 


0.471746 -0.881325 1.57196e-05 5.52589 2.97541 -0.0127723 
0.471717 -0.88133 7.41625e-05 6.8561 2.13258 1.04941 
0 0 0 0 0 0 


0.471814 -0.881288 1.55857e-05 5.52447 2.97528 -0.00923883 
0.471801 -0.881303 8.51915e-05 6.9521 2.17781 0.763194 
0 0 0 0 0 0 


0.471881 -0.881252 1.54915e-05 5.52407 2.97492 -0.00631474 
0.471886 -0.881277 9.30022e-05 6.96572 2.24169 0.526342 
0 0 0 0 0 0 


0.471953 -0.881213 1.54252e-05 5.52423 2.97453 -0.00396742 
0.471977 -0.881247 9.85691e-05 6.93288 2.31061 0.336208 
0 0 0 0 0 0 


0.472088 -0.88114 1.53657e-05 5.52503 2.97407 -0.00118602 
0.472145 -0.881189 0.000103752 6.83113 2.41771 0.110913 
0 0 0 0 0 0 


0.472223 -0.881068 1.53575e-05 5.52582 2.97397 0.000375162 
0.472311 -0.881129 0.000104777 6.72999 2.49578 -0.0155434 
0 0 0 0 0 0 


0.472358 -0.880995 1.5379e-05 5.52642 2.97412 0.00131165 
0.472474 -0.881067 0.000103398 6.64362 2.55317 -0.0913999 
0 0 0 0 0 0 


0.472493 -0.880923 1.54188e-05 5.52685 2.97444 0.00190871 
0.472635 -0.881004 0.000100535 6.57168 2.59678 -0.139763 
0 0 0 0 0 0 


0.472628 -0.88085 1.54706e-05 5.52713 2.97488 0.00230813 
0.472795 -0.880941 9.67026e-05 6.51147 2.63101 -0.172118 
0 0 0 0 0 0 


0.472868 -0.880721 1.55814e-05 5.52736 2.97584 0.00274485 
0.473076 -0.880825 8.8377e-05 6.42578 2.67687 -0.207494 
0 0 0 0 0 0 


0.473138 -0.880575 1.57226e-05 5.52735 2.9771 0.00301248 
0.473388 -0.880694 7.76624e-05 6.35221 2.71401 -0.229175 
0 0 0 0 0 0 


0.473408 -0.88043 1.58736e-05 5.52714 2.97848 0.0031601 
0.473696 -0.88056 6.61521e-05 6.29455 2.74195 -0.241135 
0 0 0 0 0 0 


0.473788 -0.880225 1.60953e-05 5.52662 2.98054 0.0032643 
0.474127 -0.88037 4.92194e-05 6.23102 2.77176 -0.249579 
0 0 0 0 0 0 


0.474328 -0.879934 1.6417e-05 5.5256 2.98359 0.00331188 
0.474732 -0.880098 2.46068e-05 6.16349 2.80262 -0.253438 
0 0 0 0 0 0 


0.474868 -0.879642 1.67405e-05 5.52437 2.98675 0.00330687 
0.475332 -0.879823 -1.45304e-07 6.1124 2.82565 -0.253037 
0 0 0 0 0 0 


0.475693 -0.879195 1.72314e-05 5.52226 2.99168 0.00325926 
0.47624 -0.879399 -3.76944e-05 6.05332 2.85228 -0.249189 
0 0 0 0 0 0 


0.476771 -0.878611 1.78598e-05 5.51924 2.99822 0.00317394 
0.477417 -0.878839 -8.57045e-05 5.99669 2.87828 -0.242288 
0 0 0 0 0 0 


0.477849 -0.878024 1.8471e-05 5.51604 3.00483 0.00308533 
0.478584 -0.878275 -0.000132324 5.95379 2.89868 -0.235122 
0 0 0 0 0 0 


0.479851 -0.87693 1.95635e-05 5.50981 3.01722 0.00293279 
0.480735 -0.877216 -0.000215449 5.89453 2.92867 -0.222786 
0 0 0 0 0 0 


0.482002 -0.875749 2.06808e-05 5.50287 3.03059 0.00279144 
0.483028 -0.876067 -0.000300183 5.84762 2.95469 -0.211358 
0 0 0 0 0 0 


0.485288 -0.873932 2.22938e-05 5.49198 3.0511 0.00261289 
0.486506 -0.874291 -0.000422031 5.79361 2.98819 -0.196927 
0 0 0 0 0 0 


0.489573 -0.871538 2.426e-05 5.4774 3.07791 0.00242791 
0.491011 -0.871941 -0.000569809 5.74017 3.02611 -0.181987 
0 0 0 0 0 0 


0.495297 -0.868297 2.66963e-05 5.45746 3.11378 0.00223487 
0.496989 -0.868749 -0.000751822 5.68417 3.07176 -0.166409 
0 0 0 0 0 0 


0.5038 -0.86339 3.00091e-05 5.42706 3.16713 0.00201612 
0.505817 -0.8639 -0.000997391 5.61706 3.13448 -0.148778 
0 0 0 0 0 0 


0.51512 -0.856684 3.39894e-05 5.38531 3.2382 0.00179638 
0.517497 -0.857254 -0.00128951 5.54192 3.21348 -0.1311 
0 0 0 0 0 0 


0.531849 -0.8464 3.92015e-05 5.32107 3.34328 0.00155141 
0.534659 -0.847034 -0.00166695 5.44383 3.32593 -0.111441 
0 0 0 0 0 0 


0.557373 -0.829816 4.60001e-05 5.21723 3.50365 0.00126958 
0.560687 -0.830517 -0.00214946 5.30475 3.49308 -0.088911 
0 0 0 0 0 0 


0.589544 -0.807284 5.30259e-05 5.07595 3.70579 0.000989143 
0.5933 -0.808033 -0.00263277 5.13178 3.70035 -0.0666005 
0 0 0 0 0 0 


0.649023 -0.760307 6.22406e-05 4.78113 4.07951 0.000551664 
0.653175 -0.761084 -0.00322108 4.79316 4.07961 -0.0320083 
0 0 0 0 0 0 


0.742971 -0.668855 6.63234e-05 4.20695 4.6697 -0.000181062 
0.746716 -0.669562 -0.00330387 4.15567 4.67669 0.0257083 
0 0 0 0 0 0 


0.797975 -0.602231 5.94275e-05 3.7888 5.01507 -0.000890899 
0.800661 -0.602789 -0.00260149 3.68085 5.03092 0.0820271 
0 0 0 0 0 0 


0.822826 -0.567848 5.13908e-05 3.57328 5.17098 -0.00157271 
0.824627 -0.568268 -0.00188596 3.41315 5.19763 0.136651 
0 0 0 0 0 0 


0.834484 -0.550597 4.51558e-05 3.46546 5.24401 -0.00227971 
0.83568 -0.550912 -0.00135074 3.25433 5.2831 0.193618 
0 0 0 0 0 0 


0.840072 -0.542047 4.09357e-05 3.41229 5.27892 -0.00299578 
0.84089 -0.542289 -0.000994473 3.15315 5.33133 0.25147 
0 0 0 0 0 0 


0.843178 -0.537213 3.78747e-05 3.3825 5.29822 -0.0037895 
0.843738 -0.5374 -0.000738513 3.07432 5.36601 0.315677 
0 0 0 0 0 0 


0.844996 -0.534354 3.56143e-05 3.36515 5.30941 -0.00469496 
0.845378 -0.5345 -0.000550726 3.00609 5.39539 0.38897 
0 0 0 0 0 0 


0.846105 -0.5326 3.3908e-05 3.35477 5.31609 -0.00575841 
0.846361 -0.532715 -0.000409657 2.9423 5.42424 0.475079 
0 0 0 0 0 0 


0.84676 -0.531562 3.26794e-05 3.34887 5.31989 -0.00694188 
0.84693 -0.531653 -0.000308458 2.88435 5.45359 0.570922 
0 0 0 0 0 0 


0.847136 -0.530964 3.1838e-05 3.34567 5.32192 -0.00814909 
0.847251 -0.531039 -0.000239336 2.83544 5.48258 0.668696 
0 0 0 0 0 0 


0.847402 -0.530541 3.11363e-05 3.34358 5.32317 -0.00962108 
0.847475 -0.530602 -0.000181807 2.78697 5.51783 0.787919 
0 0 0 0 0 0 


0.847565 -0.530281 3.06323e-05 3.3424 5.32375 -0.011146 
0.84761 -0.530331 -0.000140565 2.7479 5.55485 0.911438 
0 0 0 0 0 0 


0.847676 -0.530105 3.02397e-05 3.34167 5.32394 -0.0128044 
0.847701 -0.530148 -0.000108481 2.71704 5.596 1.04576 
0 0 0 0 0 0 


0.847757 -0.529975 2.99051e-05 3.34111 5.32384 -0.0147603 
0.847767 -0.53001 -8.1167e-05 2.69521 5.64592 1.20419 
0 0 0 0 0 0 


0.847811 -0.529889 2.96501e-05 3.34064 5.32352 -0.0167903 
0.84781 -0.529918 -6.0375e-05 2.68863 5.69943 1.36862 
0 0 0 0 0 0 


0.847852 -0.529824 2.9432e-05 3.34007 5.323 -0.0191059 
0.847843 -0.529848 -4.26021e-05 2.70097 5.76269 1.55618 
0 0 0 0 0 0 


0.847879 -0.529782 2.92722e-05 3.33941 5.3224 -0.0213004 
0.847865 -0.529802 -2.95892e-05 2.73273 5.82495 1.73393 
0 0 0 0 0 0 


